0 0.206 0.868 0.064 0.064
0 0.962 0.132 0.032 0.032
0 0.926 0.464 0.032 0.032
0 0.428 0.466 0.032 0.032
0 0.922 0.8 0.032 0.032
0 0.494 0.608 0.064 0.064
0 0.348 0.478 0.064 0.064
0 0.586 0.282 0.048 0.048
0 0.26 0.912 0.032 0.032
0 0.644 0.922 0.064 0.064
0 0.056 0.35 0.064 0.064
0 0.39 0.162 0.064 0.064
0 0.34 0.262 0.064 0.064
0 0.854 0.52 0.048 0.048
0 0.788 0.43 0.048 0.048
0 0.846 0.324 0.036 0.036
0 0.764 0.244 0.048 0.048
0 0.714 0.914 0.048 0.048
0 0.058 0.468 0.048 0.048
0 0.432 0.75 0.064 0.064
0 0.864 0.056 0.048 0.048
0 0.12 0.432 0.064 0.064
0 0.17 0.754 0.064 0.064
0 0.746 0.084 0.064 0.064
0 0.974 0.822 0.032 0.032
0 0.276 0.464 0.064 0.064
0 0.622 0.764 0.032 0.032
0 0.426 0.56 0.032 0.032
0 0.902 0.244 0.032 0.032
0 0.166 0.298 0.064 0.064
0 0.548 0.332 0.032 0.032
0 0.776 0.58 0.048 0.048
0 0.346 0.71 0.048 0.048
0 0.938 0.906 0.048 0.048
0 0.722 0.492 0.064 0.064
0 0.478 0.81 0.032 0.032
0 0.914 0.564 0.064 0.064
0 0.54 0.242 0.032 0.032
0 0.142 0.512 0.032 0.032
0 0.078 0.07 0.032 0.032
0 0.746 0.32 0.064 0.064
0 0.7 0.858 0.032 0.032
0 0.582 0.838 0.064 0.064
0 0.562 0.588 0.048 0.048
0 0.814 0.042 0.032 0.032
0 0.598 0.208 0.032 0.032
0 0.446 0.054 0.048 0.048
0 0.318 0.6 0.048 0.048
0 0.512 0.928 0.048 0.048
