0 0.178 0.748 0.048 0.048
0 0.946 0.342 0.032 0.032
0 0.161 0.908 0.034 0.032
0 0.892 0.122 0.032 0.032
0 0.15 0.182 0.064 0.064
0 0.446 0.228 0.032 0.032
0 0.638 0.752 0.032 0.032
0 0.09 0.5 0.048 0.048
0 0.18 0.096 0.032 0.032
0 0.226 0.338 0.06 0.06
0 0.686 0.536 0.032 0.032
0 0.378 0.422 0.064 0.064
0 0.745 0.461 0.03 0.03
0 0.148 0.822 0.048 0.048
0 0.636 0.078 0.064 0.064
0 0.298 0.774 0.064 0.064
0 0.394 0.508 0.048 0.048
0 0.5 0.028 0.032 0.032
0 0.782 0.214 0.064 0.064
0 0.542 0.706 0.064 0.064
0 0.768 0.776 0.032 0.032
0 0.304 0.55 0.048 0.048
0 0.72 0.338 0.048 0.048
0 0.658 0.2 0.064 0.064
0 0.798 0.38 0.064 0.064
0 0.068 0.382 0.064 0.064
0 0.894 0.734 0.048 0.048
0 0.592 0.41 0.064 0.064
0 0.376 0.862 0.032 0.032
0 0.1 0.578 0.064 0.064
0 0.038 0.138 0.048 0.048
0 0.904 0.3 0.032 0.032
0 0.452 0.118 0.064 0.064
