0 0.404 0.56 0.064 0.064
0 0.27 0.57 0.048 0.048
0 0.208 0.462 0.032 0.032
0 0.346 0.428 0.032 0.032
0 0.066 0.466 0.064 0.064
0 0.266 0.136 0.064 0.064
0 0.266 0.444 0.048 0.048
0 0.332 0.794 0.032 0.032
0 0.098 0.342 0.064 0.064
0 0.048 0.846 0.032 0.032
0 0.868 0.82 0.048 0.048
0 0.526 0.492 0.064 0.064
0 0.22 0.372 0.064 0.064
0 0.052 0.264 0.048 0.048
0 0.472 0.042 0.064 0.064
0 0.526 0.858 0.048 0.048
0 0.55 0.922 0.064 0.064
0 0.548 0.204 0.032 0.032
0 0.218 0.68 0.064 0.064
0 0.33 0.95 0.048 0.048
0 0.742 0.894 0.048 0.048
0 0.766 0.092 0.064 0.064
0 0.062 0.404 0.032 0.032
0 0.954 0.742 0.048 0.048
0 0.598 0.466 0.032 0.032
0 0.31 0.36 0.048 0.048
0 0.708 0.272 0.064 0.064
0 0.932 0.148 0.048 0.048
0 0.366 0.636 0.032 0.032
0 0.688 0.082 0.064 0.064
