0 0.22 0.144 0.064 0.064
0 0.108 0.12 0.064 0.064
0 0.87 0.166 0.048 0.048
0 0.364 0.482 0.048 0.048
0 0.05 0.332 0.064 0.064
0 0.814 0.226 0.032 0.032
0 0.068 0.464 0.064 0.064
0 0.636 0.384 0.032 0.032
0 0.167 0.232 0.034 0.032
0 0.736 0.156 0.064 0.064
0 0.074 0.714 0.032 0.032
0 0.208 0.78 0.048 0.048
0 0.136 0.794 0.048 0.032
0 0.066 0.972 0.048 0.048
0 0.348 0.62 0.048 0.048
0 0.342 0.048 0.064 0.064
0 0.438 0.726 0.048 0.048
0 0.746 0.074 0.064 0.064
0 0.718 0.47 0.048 0.048
0 0.08 0.02 0.032 0.032
0 0.318 0.382 0.032 0.032
0 0.448 0.12 0.032 0.032
0 0.596 0.14 0.032 0.032
0 0.368 0.792 0.064 0.064
0 0.7 0.56 0.032 0.032
0 0.814 0.89 0.032 0.032
0 0.168 0.862 0.048 0.048
0 0.936 0.192 0.032 0.032
0 0.482 0.2 0.064 0.064
0 0.84 0.556 0.032 0.032
0 0.364 0.936 0.048 0.048
0 0.29 0.942 0.048 0.048
0 0.366 0.316 0.064 0.064
0 0.412 0.912 0.032 0.032
0 0.27 0.292 0.048 0.048
0 0.514 0.784 0.064 0.064
0 0.128 0.956 0.064 0.064
0 0.618 0.716 0.064 0.064
0 0.936 0.33 0.032 0.032
0 0.406 0.598 0.032 0.032
0 0.832 0.488 0.032 0.032
0 0.136 0.558 0.032 0.032
0 0.628 0.214 0.032 0.032
0 0.534 0.648 0.032 0.032
0 0.244 0.862 0.048 0.048
0 0.036 0.596 0.048 0.048
0 0.53 0.71 0.064 0.064
0 0.916 0.462 0.064 0.064
0 0.562 0.48 0.064 0.064
