0 0.866 0.746 0.032 0.032
0 0.07 0.872 0.048 0.048
0 0.738 0.308 0.064 0.064
0 0.312 0.212 0.032 0.032
0 0.288 0.546 0.064 0.064
0 0.406 0.308 0.032 0.032
0 0.45 0.414 0.032 0.032
0 0.116 0.488 0.048 0.048
0 0.526 0.116 0.064 0.064
0 0.734 0.624 0.064 0.064
0 0.312 0.382 0.064 0.064
0 0.808 0.88 0.064 0.064
0 0.168 0.86 0.048 0.048
0 0.11 0.778 0.048 0.048
0 0.658 0.592 0.032 0.032
0 0.13 0.094 0.032 0.032
0 0.89 0.626 0.048 0.048
0 0.498 0.248 0.048 0.048
0 0.742 0.476 0.064 0.064
0 0.312 0.942 0.06 0.06
0 0.518 0.496 0.032 0.032
0 0.81 0.33 0.048 0.048
0 0.788 0.088 0.064 0.064
0 0.804 0.522 0.048 0.048
0 0.814 0.026 0.032 0.032
0 0.664 0.538 0.048 0.048
0 0.356 0.146 0.064 0.064
0 0.188 0.66 0.048 0.048
0 0.098 0.538 0.032 0.032
0 0.462 0.814 0.032 0.032
0 0.55 0.234 0.048 0.048
0 0.552 0.536 0.032 0.032
0 0.27 0.79 0.064 0.064
0 0.912 0.948 0.064 0.064
0 0.586 0.154 0.032 0.032
0 0.324 0.268 0.032 0.032
0 0.442 0.524 0.064 0.064
0 0.052 0.702 0.064 0.064
0 0.844 0.186 0.048 0.048
0 0.456 0.042 0.048 0.048
0 0.932 0.87 0.048 0.048
0 0.944 0.448 0.064 0.064
0 0.026 0.542 0.048 0.048
