0 0.204 0.078 0.064 0.064
0 0.408 0.954 0.032 0.032
0 0.782 0.534 0.048 0.048
0 0.916 0.77 0.032 0.032
0 0.864 0.93 0.032 0.032
0 0.138 0.48 0.06 0.06
0 0.342 0.3 0.032 0.032
0 0.248 0.324 0.032 0.032
0 0.752 0.296 0.048 0.048
0 0.952 0.27 0.064 0.064
0 0.746 0.648 0.032 0.032
0 0.148 0.382 0.032 0.032
0 0.094 0.38 0.064 0.064
0 0.164 0.024 0.032 0.032
0 0.506 0.83 0.064 0.064
0 0.602 0.812 0.048 0.048
0 0.276 0.804 0.064 0.064
0 0.21 0.218 0.032 0.032
0 0.24 0.946 0.048 0.048
0 0.12 0.898 0.032 0.032
0 0.486 0.156 0.032 0.032
0 0.912 0.716 0.032 0.032
0 0.528 0.66 0.064 0.064
0 0.434 0.35 0.064 0.064
0 0.422 0.466 0.032 0.032
0 0.798 0.84 0.032 0.032
0 0.098 0.254 0.048 0.048
0 0.578 0.146 0.048 0.048
0 0.62 0.276 0.032 0.032
0 0.242 0.45 0.032 0.032
0 0.092 0.842 0.064 0.064
0 0.642 0.042 0.064 0.064
0 0.65 0.358 0.064 0.064
0 0.832 0.682 0.032 0.032
0 0.462 0.26 0.048 0.048
0 0.372 0.49 0.048 0.048
0 0.062 0.472 0.032 0.032
0 0.916 0.094 0.048 0.048
0 0.71 0.966 0.064 0.064
0 0.29 0.416 0.032 0.032
0 0.824 0.238 0.06 0.06
0 0.402 0.692 0.032 0.032
0 0.29 0.632 0.032 0.032
0 0.658 0.688 0.048 0.048
0 0.434 0.842 0.064 0.064
0 0.402 0.562 0.064 0.064
0 0.762 0.144 0.048 0.048
0 0.61 0.664 0.032 0.032
0 0.832 0.548 0.032 0.032
0 0.504 0.97 0.032 0.032
0 0.364 0.846 0.048 0.048
0 0.268 0.11 0.032 0.032
0 0.298 0.186 0.048 0.048
0 0.234 0.39 0.064 0.064
0 0.787 0.06 0.034 0.032
0 0.582 0.956 0.048 0.048
0 0.192 0.762 0.032 0.032
0 0.306 0.522 0.032 0.032
0 0.802 0.756 0.064 0.064
0 0.55 0.304 0.048 0.048
0 0.218 0.556 0.032 0.032
0 0.788 0.472 0.064 0.064
