0 0.842 0.356 0.044 0.044
0 0.146 0.382 0.048 0.048
0 0.658 0.846 0.048 0.048
0 0.38 0.466 0.032 0.032
0 0.584 0.34 0.032 0.032
0 0.422 0.118 0.048 0.048
0 0.978 0.106 0.032 0.032
0 0.108 0.246 0.032 0.032
0 0.784 0.138 0.048 0.048
0 0.326 0.284 0.064 0.064
0 0.474 0.738 0.048 0.048
0 0.718 0.418 0.032 0.032
0 0.886 0.852 0.032 0.032
0 0.494 0.068 0.064 0.064
0 0.202 0.232 0.064 0.064
0 0.22 0.084 0.064 0.064
0 0.558 0.58 0.032 0.032
0 0.504 0.408 0.064 0.064
0 0.114 0.96 0.064 0.064
0 0.938 0.212 0.048 0.048
0 0.138 0.302 0.064 0.064
0 0.154 0.706 0.048 0.048
0 0.448 0.784 0.032 0.032
0 0.94 0.592 0.032 0.032
