0 0.934 0.26 0.032 0.032
0 0.304 0.758 0.032 0.032
0 0.408 0.216 0.048 0.048
0 0.714 0.866 0.028 0.02
0 0.632 0.756 0.032 0.032
0 0.298 0.844 0.032 0.032
0 0.432 0.348 0.048 0.048
0 0.094 0.456 0.048 0.048
0 0.266 0.608 0.032 0.032
0 0.04 0.198 0.048 0.048
0 0.496 0.098 0.032 0.032
0 0.152 0.544 0.032 0.032
0 0.226 0.786 0.064 0.064
0 0.876 0.842 0.064 0.064
0 0.428 0.564 0.064 0.064
0 0.874 0.2 0.064 0.064
0 0.71 0.332 0.032 0.032
0 0.154 0.036 0.064 0.064
0 0.684 0.468 0.064 0.064
0 0.498 0.162 0.048 0.048
0 0.628 0.856 0.064 0.064
0 0.366 0.138 0.064 0.064
0 0.089 0.851 0.03 0.03
0 0.566 0.08 0.064 0.064
0 0.954 0.66 0.064 0.064
0 0.44 0.052 0.048 0.048
0 0.836 0.064 0.048 0.048
0 0.346 0.046 0.048 0.048
0 0.272 0.514 0.032 0.032
0 0.048 0.77 0.032 0.032
0 0.138 0.646 0.064 0.064
0 0.734 0.538 0.032 0.032
0 0.752 0.034 0.048 0.048
0 0.566 0.63 0.048 0.048
0 0.794 0.974 0.032 0.032
0 0.718 0.812 0.032 0.032
0 0.486 0.648 0.048 0.048
0 0.816 0.398 0.032 0.032
0 0.098 0.074 0.032 0.032
0 0.052 0.142 0.032 0.032
0 0.196 0.416 0.048 0.048
0 0.026 0.888 0.032 0.032
0 0.638 0.066 0.048 0.048
0 0.858 0.35 0.048 0.048
0 0.69 0.946 0.048 0.048
0 0.278 0.092 0.032 0.032
0 0.136 0.872 0.032 0.032
0 0.828 0.638 0.048 0.048
0 0.48 0.298 0.032 0.032
0 0.736 0.102 0.048 0.048
0 0.374 0.274 0.032 0.032
0 0.664 0.252 0.064 0.064
0 0.892 0.496 0.064 0.064
0 0.64 0.686 0.048 0.048
0 0.168 0.714 0.048 0.048
