0 0.412 0.52 0.032 0.032
0 0.188 0.938 0.064 0.064
0 0.844 0.268 0.064 0.064
0 0.456 0.188 0.048 0.048
0 0.488 0.978 0.032 0.032
0 0.596 0.03 0.032 0.032
0 0.97 0.306 0.048 0.048
0 0.176 0.554 0.048 0.048
0 0.13 0.8 0.032 0.032
0 0.728 0.304 0.048 0.048
0 0.85 0.634 0.064 0.064
0 0.38 0.434 0.032 0.032
0 0.82 0.746 0.064 0.064
0 0.368 0.232 0.048 0.048
0 0.758 0.208 0.016 0.016
0 0.48 0.908 0.048 0.048
0 0.92 0.478 0.064 0.064
0 0.778 0.51 0.032 0.032
0 0.77 0.432 0.064 0.064
0 0.606 0.664 0.048 0.048
0 0.47 0.394 0.064 0.064
0 0.096 0.066 0.064 0.064
0 0.226 0.804 0.064 0.064
0 0.954 0.144 0.032 0.032
0 0.382 0.122 0.048 0.048
0 0.496 0.462 0.032 0.032
0 0.592 0.386 0.064 0.064
0 0.024 0.416 0.032 0.032
0 0.362 0.294 0.032 0.032
0 0.486 0.028 0.048 0.048
0 0.778 0.096 0.064 0.064
0 0.354 0.03 0.032 0.032
0 0.054 0.454 0.032 0.032
0 0.844 0.936 0.032 0.032
0 0.046 0.566 0.064 0.064
0 0.752 0.554 0.048 0.048
0 0.294 0.05 0.064 0.064
0 0.542 0.822 0.032 0.032
0 0.522 0.26 0.064 0.064
0 0.64 0.316 0.064 0.064
0 0.898 0.854 0.064 0.064
0 0.678 0.234 0.064 0.064
0 0.848 0.176 0.032 0.032
0 0.95 0.87 0.032 0.032
0 0.076 0.698 0.064 0.064
0 0.356 0.856 0.064 0.064
0 0.698 0.134 0.048 0.048
0 0.146 0.356 0.048 0.048
0 0.666 0.714 0.064 0.064
0 0.748 0.724 0.064 0.064
0 0.692 0.85 0.032 0.032
0 0.158 0.126 0.048 0.048
0 0.55 0.7 0.048 0.048
0 0.212 0.614 0.032 0.032
0 0.338 0.386 0.032 0.032
0 0.048 0.266 0.048 0.048
0 0.228 0.216 0.032 0.032
0 0.192 0.688 0.048 0.048
0 0.464 0.544 0.048 0.048
0 0.474 0.72 0.064 0.064
0 0.092 0.372 0.032 0.032
0 0.274 0.506 0.032 0.032
0 0.258 0.932 0.048 0.048
0 0.983 0.561 0.03 0.03
0 0.626 0.846 0.032 0.032
0 0.44 0.268 0.064 0.064
0 0.532 0.326 0.044 0.044
0 0.194 0.31 0.032 0.032
0 0.202 0.368 0.032 0.032
0 0.6 0.784 0.064 0.064
0 0.402 0.97 0.048 0.048
0 0.256 0.172 0.032 0.032
0 0.65 0.594 0.048 0.048
0 0.366 0.6 0.064 0.064
0 0.558 0.58 0.032 0.032
0 0.754 0.628 0.032 0.032
0 0.524 0.638 0.048 0.048
0 0.61 0.078 0.048 0.048
0 0.438 0.816 0.064 0.064
0 0.058 0.502 0.048 0.048
0 0.3 0.198 0.048 0.048
0 0.17 0.488 0.048 0.048
0 0.822 0.524 0.048 0.048
0 0.606 0.618 0.032 0.032
0 0.528 0.87 0.032 0.032
0 0.452 0.496 0.032 0.032
0 0.116 0.216 0.032 0.032
0 0.364 0.79 0.048 0.048
0 0.8 0.93 0.032 0.032
0 0.532 0.09 0.032 0.032
