0 0.7 0.736 0.032 0.032
0 0.72 0.362 0.048 0.048
0 0.854 0.164 0.064 0.064
0 0.326 0.264 0.032 0.032
0 0.768 0.262 0.048 0.048
0 0.702 0.298 0.064 0.064
0 0.346 0.742 0.048 0.048
0 0.424 0.046 0.064 0.064
0 0.658 0.214 0.064 0.064
0 0.23 0.106 0.064 0.064
0 0.956 0.388 0.064 0.064
0 0.45 0.534 0.064 0.064
0 0.212 0.624 0.064 0.064
0 0.484 0.806 0.064 0.064
0 0.308 0.046 0.032 0.032
0 0.452 0.462 0.032 0.032
0 0.552 0.112 0.032 0.032
0 0.036 0.074 0.048 0.048
0 0.442 0.914 0.048 0.048
0 0.68 0.514 0.048 0.048
0 0.438 0.67 0.032 0.032
0 0.927 0.177 0.03 0.03
0 0.056 0.246 0.064 0.064
0 0.64 0.848 0.032 0.032
0 0.506 0.204 0.064 0.064
0 0.862 0.328 0.064 0.064
0 0.858 0.672 0.064 0.064
0 0.318 0.31 0.032 0.032
0 0.674 0.558 0.032 0.032
0 0.888 0.978 0.032 0.032
0 0.082 0.364 0.048 0.048
0 0.796 0.55 0.064 0.064
0 0.576 0.62 0.032 0.032
0 0.478 0.104 0.032 0.032
0 0.494 0.716 0.064 0.064
0 0.914 0.65 0.032 0.032
0 0.66 0.638 0.032 0.032
0 0.098 0.564 0.048 0.048
0 0.46 0.272 0.064 0.064
0 0.186 0.278 0.032 0.032
0 0.176 0.206 0.064 0.064
0 0.7 0.792 0.064 0.064
0 0.118 0.772 0.032 0.032
0 0.414 0.766 0.048 0.048
0 0.928 0.926 0.064 0.064
0 0.614 0.05 0.048 0.048
0 0.898 0.064 0.064 0.064
0 0.712 0.034 0.048 0.048
0 0.81 0.964 0.048 0.048
0 0.966 0.846 0.064 0.064
0 0.362 0.574 0.064 0.064
0 0.286 0.736 0.064 0.064
0 0.788 0.128 0.048 0.048
0 0.064 0.65 0.064 0.064
0 0.35 0.37 0.064 0.064
0 0.75 0.464 0.048 0.048
0 0.034 0.438 0.032 0.032
0 0.228 0.526 0.064 0.064
0 0.39 0.856 0.048 0.048
0 0.766 0.644 0.064 0.064
0 0.574 0.368 0.032 0.032
0 0.078 0.934 0.032 0.032
0 0.63 0.6 0.032 0.032
0 0.618 0.49 0.032 0.032
0 0.242 0.9 0.064 0.064
0 0.51 0.03 0.048 0.048
0 0.78 0.79 0.048 0.048
0 0.084 0.88 0.048 0.048
0 0.614 0.382 0.032 0.032
0 0.914 0.466 0.032 0.032
0 0.58 0.244 0.048 0.048
0 0.124 0.074 0.032 0.032
0 0.943 0.507 0.022 0.022
0 0.742 0.91 0.064 0.064
0 0.254 0.302 0.064 0.064
0 0.926 0.71 0.064 0.064
0 0.032 0.582 0.048 0.048
0 0.162 0.696 0.064 0.064
0 0.166 0.43 0.048 0.048
0 0.862 0.45 0.048 0.048
0 0.59 0.98 0.032 0.032
0 0.438 0.15 0.032 0.032
0 0.676 0.13 0.064 0.064
0 0.3 0.568 0.048 0.048
0 0.27 0.412 0.064 0.064
0 0.166 0.33 0.032 0.032
0 0.165 0.779 0.042 0.042
