0 0.74 0.746 0.064 0.064
0 0.182 0.582 0.064 0.064
0 0.178 0.52 0.032 0.032
0 0.948 0.328 0.032 0.032
0 0.084 0.808 0.064 0.064
0 0.364 0.566 0.048 0.048
0 0.654 0.172 0.032 0.032
0 0.448 0.348 0.048 0.048
0 0.244 0.238 0.032 0.032
0 0.024 0.36 0.032 0.032
0 0.126 0.698 0.064 0.064
0 0.976 0.388 0.032 0.032
0 0.634 0.074 0.044 0.044
0 0.864 0.304 0.064 0.064
0 0.572 0.672 0.032 0.032
0 0.776 0.124 0.032 0.032
0 0.894 0.178 0.032 0.032
0 0.826 0.542 0.064 0.064
0 0.716 0.812 0.032 0.032
0 0.928 0.61 0.064 0.064
0 0.442 0.052 0.048 0.048
0 0.776 0.348 0.064 0.064
0 0.95 0.062 0.064 0.064
0 0.45 0.646 0.064 0.064
0 0.266 0.656 0.032 0.032
0 0.378 0.952 0.064 0.064
0 0.33 0.178 0.064 0.064
0 0.884 0.116 0.048 0.048
0 0.502 0.04 0.032 0.032
0 0.592 0.588 0.064 0.064
0 0.368 0.698 0.032 0.032
0 0.506 0.316 0.032 0.032
0 0.544 0.972 0.048 0.048
0 0.886 0.95 0.064 0.064
0 0.349 0.049 0.03 0.03
0 0.042 0.074 0.064 0.064
0 0.402 0.116 0.044 0.044
0 0.196 0.878 0.064 0.064
0 0.322 0.284 0.048 0.048
0 0.448 0.408 0.064 0.064
0 0.894 0.846 0.032 0.032
0 0.624 0.35 0.048 0.048
0 0.302 0.832 0.064 0.064
0 0.654 0.82 0.048 0.048
0 0.824 0.836 0.064 0.064
0 0.48 0.95 0.048 0.048
0 0.684 0.624 0.064 0.064
0 0.52 0.188 0.064 0.064
0 0.802 0.66 0.048 0.048
0 0.516 0.558 0.064 0.064
0 0.214 0.142 0.048 0.048
0 0.092 0.264 0.048 0.048
0 0.86 0.662 0.048 0.048
0 0.56 0.058 0.048 0.048
0 0.41 0.504 0.064 0.064
0 0.216 0.644 0.048 0.048
0 0.284 0.12 0.032 0.032
0 0.54 0.728 0.048 0.048
0 0.512 0.774 0.032 0.032
0 0.95 0.524 0.032 0.032
0 0.684 0.06 0.048 0.048
0 0.15 0.29 0.036 0.036
0 0.152 0.13 0.032 0.032
0 0.128 0.594 0.032 0.032
0 0.67 0.916 0.032 0.032
0 0.304 0.752 0.064 0.064
0 0.504 0.128 0.048 0.048
0 0.648 0.236 0.064 0.064
0 0.854 0.756 0.064 0.064
0 0.764 0.58 0.032 0.032
0 0.554 0.864 0.048 0.048
0 0.036 0.68 0.064 0.064
0 0.192 0.95 0.064 0.064
0 0.746 0.204 0.064 0.064
0 0.166 0.786 0.064 0.064
0 0.622 0.982 0.032 0.032
0 0.572 0.414 0.048 0.048
0 0.55 0.474 0.064 0.064
