0 0.94 0.2 0.048 0.048
0 0.476 0.214 0.048 0.048
0 0.088 0.34 0.064 0.064
0 0.658 0.59 0.032 0.032
0 0.608 0.924 0.048 0.048
0 0.936 0.636 0.064 0.064
0 0.608 0.112 0.064 0.064
0 0.27 0.968 0.036 0.036
0 0.818 0.336 0.064 0.064
0 0.328 0.356 0.048 0.048
0 0.124 0.736 0.032 0.032
0 0.696 0.53 0.064 0.064
0 0.232 0.16 0.032 0.032
0 0.168 0.094 0.064 0.064
0 0.62 0.676 0.048 0.048
0 0.502 0.09 0.032 0.032
0 0.202 0.414 0.032 0.032
0 0.666 0.872 0.048 0.048
0 0.382 0.508 0.048 0.048
0 0.324 0.852 0.064 0.064
0 0.116 0.462 0.064 0.064
0 0.674 0.942 0.032 0.032
0 0.106 0.962 0.064 0.064
0 0.546 0.872 0.064 0.064
0 0.444 0.718 0.064 0.064
0 0.542 0.544 0.064 0.064
0 0.548 0.26 0.048 0.048
0 0.814 0.882 0.032 0.032
0 0.934 0.4 0.032 0.032
0 0.47 0.128 0.032 0.032
0 0.614 0.488 0.06 0.06
0 0.756 0.216 0.048 0.048
0 0.678 0.222 0.064 0.064
0 0.512 0.664 0.032 0.032
0 0.806 0.694 0.064 0.064
0 0.224 0.296 0.032 0.032
0 0.608 0.282 0.064 0.064
0 0.608 0.336 0.032 0.032
0 0.896 0.278 0.048 0.048
0 0.298 0.514 0.032 0.032
0 0.732 0.648 0.048 0.048
0 0.46 0.442 0.064 0.064
0 0.184 0.358 0.048 0.048
0 0.864 0.166 0.048 0.048
0 0.316 0.206 0.064 0.064
0 0.902 0.542 0.032 0.032
0 0.098 0.856 0.032 0.032
0 0.756 0.162 0.048 0.048
0 0.416 0.238 0.032 0.032
0 0.88 0.41 0.048 0.048
0 0.718 0.434 0.032 0.032
0 0.594 0.198 0.064 0.064
0 0.768 0.534 0.064 0.064
0 0.476 0.624 0.032 0.032
0 0.752 0.92 0.048 0.048
0 0.32 0.12 0.048 0.048
0 0.96 0.892 0.032 0.032
0 0.92 0.09 0.064 0.064
0 0.964 0.818 0.064 0.064
0 0.786 0.776 0.032 0.032
0 0.7 0.288 0.048 0.048
0 0.102 0.272 0.048 0.048
0 0.162 0.22 0.064 0.064
0 0.888 0.766 0.032 0.032
0 0.036 0.164 0.032 0.032
0 0.274 0.662 0.032 0.032
0 0.338 0.778 0.048 0.048
0 0.61 0.73 0.032 0.032
0 0.962 0.278 0.064 0.064
0 0.436 0.572 0.048 0.048
0 0.358 0.928 0.032 0.032
0 0.23 0.59 0.048 0.048
