0 0.044 0.206 0.064 0.064
0 0.116 0.46 0.032 0.032
0 0.404 0.27 0.048 0.048
0 0.886 0.222 0.032 0.032
0 0.87 0.858 0.048 0.048
0 0.12 0.132 0.048 0.048
0 0.654 0.37 0.048 0.048
0 0.628 0.078 0.048 0.048
0 0.342 0.054 0.032 0.032
0 0.74 0.89 0.064 0.064
0 0.204 0.452 0.048 0.048
0 0.162 0.844 0.064 0.064
0 0.432 0.056 0.032 0.032
0 0.656 0.824 0.064 0.064
0 0.492 0.888 0.032 0.032
0 0.572 0.856 0.032 0.032
0 0.798 0.134 0.032 0.032
0 0.268 0.176 0.032 0.032
0 0.276 0.25 0.064 0.064
0 0.688 0.552 0.064 0.064
0 0.52 0.348 0.032 0.032
0 0.626 0.936 0.064 0.064
0 0.452 0.618 0.048 0.048
0 0.298 0.468 0.032 0.032
0 0.782 0.244 0.064 0.064
0 0.216 0.282 0.032 0.032
0 0.932 0.276 0.064 0.064
0 0.784 0.428 0.032 0.032
0 0.336 0.858 0.032 0.032
0 0.258 0.676 0.032 0.032
0 0.738 0.128 0.032 0.032
0 0.366 0.648 0.064 0.064
0 0.068 0.626 0.032 0.032
0 0.568 0.176 0.064 0.064
0 0.138 0.896 0.032 0.032
0 0.43 0.972 0.032 0.032
0 0.602 0.698 0.064 0.064
0 0.448 0.75 0.064 0.064
0 0.094 0.036 0.064 0.064
0 0.176 0.528 0.036 0.036
0 0.892 0.126 0.048 0.048
0 0.188 0.962 0.032 0.032
0 0.768 0.358 0.048 0.048
0 0.07 0.368 0.048 0.048
0 0.562 0.536 0.064 0.064
0 0.582 0.312 0.032 0.032
0 0.848 0.752 0.064 0.064
0 0.9 0.65 0.064 0.064
0 0.736 0.686 0.032 0.032
0 0.936 0.846 0.032 0.032
0 0.05 0.272 0.048 0.048
0 0.118 0.558 0.048 0.048
0 0.176 0.218 0.064 0.064
0 0.96 0.414 0.032 0.032
0 0.494 0.93 0.032 0.032
0 0.88 0.564 0.064 0.064
0 0.494 0.522 0.032 0.032
0 0.638 0.254 0.064 0.064
0 0.532 0.774 0.048 0.048
0 0.044 0.89 0.048 0.048
0 0.02 0.544 0.032 0.032
0 0.974 0.14 0.032 0.032
0 0.102 0.766 0.032 0.032
0 0.06 0.09 0.032 0.032
0 0.456 0.148 0.048 0.048
0 0.37 0.726 0.048 0.048
0 0.456 0.02 0.032 0.032
0 0.334 0.568 0.032 0.032
0 0.06 0.983 0.032 0.022
0 0.948 0.524 0.048 0.048
0 0.174 0.35 0.048 0.048
0 0.046 0.416 0.032 0.032
0 0.508 0.578 0.032 0.032
0 0.41 0.366 0.064 0.064
0 0.768 0.49 0.048 0.048
0 0.706 0.634 0.064 0.064
0 0.11 0.84 0.032 0.032
0 0.9 0.454 0.064 0.064
