0 0.744 0.878 0.048 0.048
0 0.586 0.068 0.064 0.064
0 0.702 0.062 0.032 0.032
0 0.794 0.336 0.048 0.048
0 0.43 0.272 0.064 0.064
0 0.124 0.434 0.048 0.048
0 0.428 0.79 0.032 0.032
0 0.198 0.182 0.032 0.032
0 0.358 0.85 0.032 0.032
0 0.498 0.338 0.032 0.032
0 0.132 0.592 0.064 0.064
0 0.416 0.386 0.032 0.032
0 0.946 0.93 0.048 0.048
0 0.826 0.544 0.032 0.032
0 0.34 0.172 0.032 0.032
0 0.978 0.516 0.032 0.032
0 0.562 0.794 0.048 0.048
0 0.852 0.734 0.032 0.032
0 0.306 0.352 0.048 0.048
0 0.644 0.522 0.064 0.064
0 0.354 0.278 0.064 0.064
0 0.672 0.21 0.064 0.064
0 0.758 0.736 0.032 0.032
0 0.342 0.056 0.064 0.064
0 0.172 0.804 0.064 0.064
0 0.32 0.81 0.032 0.032
0 0.79 0.03 0.032 0.032
0 0.64 0.888 0.064 0.064
0 0.708 0.384 0.032 0.032
0 0.62 0.646 0.048 0.048
0 0.56 0.138 0.064 0.064
0 0.522 0.568 0.048 0.048
0 0.908 0.506 0.048 0.048
0 0.794 0.48 0.064 0.064
0 0.288 0.766 0.048 0.048
0 0.492 0.982 0.032 0.032
0 0.32 0.638 0.048 0.048
0 0.482 0.67 0.032 0.032
0 0.852 0.062 0.048 0.048
0 0.046 0.488 0.048 0.048
0 0.552 0.224 0.064 0.064
0 0.322 0.508 0.064 0.064
0 0.228 0.092 0.064 0.064
0 0.2 0.24 0.048 0.048
0 0.956 0.028 0.032 0.032
0 0.54 0.499 0.032 0.022
0 0.294 0.938 0.048 0.048
0 0.572 0.98 0.032 0.032
0 0.094 0.084 0.032 0.032
0 0.884 0.114 0.048 0.048
0 0.484 0.748 0.048 0.048
0 0.708 0.428 0.032 0.032
0 0.518 0.922 0.048 0.048
0 0.054 0.882 0.048 0.048
0 0.578 0.856 0.048 0.048
0 0.578 0.316 0.032 0.032
0 0.96 0.672 0.064 0.064
0 0.656 0.576 0.032 0.032
0 0.692 0.688 0.032 0.032
0 0.95 0.852 0.032 0.032
0 0.456 0.928 0.064 0.064
0 0.834 0.91 0.064 0.064
0 0.144 0.488 0.032 0.032
0 0.05 0.28 0.064 0.064
0 0.194 0.434 0.048 0.048
0 0.068 0.194 0.032 0.032
0 0.87 0.218 0.064 0.064
0 0.032 0.586 0.048 0.048
0 0.662 0.384 0.048 0.048
0 0.578 0.944 0.032 0.032
0 0.264 0.856 0.048 0.048
0 0.218 0.29 0.032 0.032
0 0.134 0.936 0.048 0.048
0 0.976 0.288 0.032 0.032
0 0.492 0.194 0.032 0.032
0 0.388 0.584 0.048 0.048
0 0.872 0.342 0.064 0.064
0 0.968 0.14 0.032 0.032
0 0.752 0.276 0.032 0.032
0 0.702 0.766 0.048 0.048
0 0.618 0.944 0.032 0.032
0 0.03 0.344 0.032 0.032
0 0.252 0.414 0.032 0.032
0 0.512 0.804 0.024 0.024
