0 0.672 0.898 0.048 0.048
0 0.106 0.058 0.048 0.048
0 0.946 0.768 0.064 0.064
0 0.616 0.504 0.064 0.064
0 0.686 0.094 0.032 0.032
0 0.716 0.348 0.064 0.064
0 0.176 0.08 0.048 0.048
0 0.044 0.254 0.064 0.064
0 0.498 0.3 0.048 0.048
0 0.35 0.855 0.032 0.022
0 0.15 0.758 0.032 0.032
0 0.388 0.144 0.032 0.032
0 0.126 0.446 0.048 0.048
0 0.458 0.364 0.032 0.032
0 0.802 0.812 0.064 0.064
0 0.122 0.144 0.032 0.032
0 0.608 0.236 0.032 0.032
0 0.218 0.804 0.064 0.064
0 0.716 0.57 0.064 0.064
0 0.658 0.778 0.048 0.048
0 0.288 0.972 0.032 0.032
0 0.678 0.682 0.032 0.032
0 0.82 0.188 0.048 0.048
0 0.842 0.04 0.048 0.048
0 0.904 0.958 0.064 0.064
0 0.464 0.684 0.032 0.032
0 0.336 0.558 0.032 0.032
0 0.122 0.668 0.064 0.064
0 0.1 0.554 0.032 0.032
0 0.496 0.914 0.032 0.032
0 0.554 0.762 0.064 0.064
0 0.77 0.624 0.032 0.032
0 0.788 0.464 0.064 0.064
0 0.326 0.148 0.032 0.032
0 0.573 0.858 0.034 0.032
0 0.948 0.846 0.064 0.064
0 0.176 0.308 0.064 0.064
0 0.897 0.853 0.022 0.022
0 0.21 0.69 0.064 0.064
0 0.578 0.37 0.064 0.064
0 0.959 0.655 0.03 0.03
0 0.55 0.186 0.048 0.048
0 0.04 0.51 0.064 0.064
0 0.159 0.807 0.03 0.03
0 0.418 0.75 0.064 0.064
0 0.952 0.532 0.064 0.064
0 0.394 0.272 0.064 0.064
0 0.896 0.632 0.064 0.064
0 0.758 0.228 0.032 0.032
0 0.616 0.612 0.064 0.064
0 0.802 0.966 0.064 0.064
0 0.248 0.876 0.032 0.032
0 0.12 0.236 0.048 0.048
0 0.288 0.44 0.064 0.064
0 0.366 0.044 0.032 0.032
0 0.402 0.45 0.032 0.032
0 0.418 0.662 0.032 0.032
0 0.266 0.63 0.048 0.048
0 0.186 0.144 0.032 0.032
0 0.036 0.382 0.064 0.064
0 0.044 0.09 0.064 0.064
0 0.724 0.288 0.048 0.048
0 0.22 0.392 0.032 0.032
0 0.828 0.53 0.032 0.032
0 0.885 0.184 0.034 0.032
0 0.67 0.424 0.048 0.048
0 0.874 0.326 0.064 0.064
0 0.944 0.036 0.064 0.064
0 0.484 0.192 0.064 0.064
0 0.122 0.836 0.044 0.02
0 0.332 0.216 0.032 0.032
0 0.869 0.113 0.03 0.03
0 0.637 0.678 0.034 0.032
0 0.314 0.5 0.032 0.032
0 0.188 0.542 0.064 0.064
