0 0.326 0.04 0.064 0.064
0 0.748 0.672 0.064 0.064
0 0.628 0.748 0.032 0.032
0 0.164 0.288 0.048 0.048
0 0.504 0.674 0.032 0.032
0 0.502 0.232 0.032 0.032
0 0.928 0.172 0.048 0.048
0 0.634 0.144 0.048 0.048
0 0.104 0.04 0.064 0.064
0 0.9 0.84 0.048 0.048
0 0.904 0.368 0.032 0.032
0 0.304 0.55 0.048 0.048
0 0.272 0.468 0.048 0.048
0 0.132 0.466 0.032 0.032
0 0.056 0.606 0.032 0.032
0 0.18 0.128 0.064 0.064
0 0.864 0.948 0.032 0.032
0 0.392 0.202 0.032 0.032
0 0.688 0.696 0.048 0.048
0 0.838 0.392 0.064 0.064
0 0.936 0.446 0.048 0.048
0 0.094 0.542 0.064 0.064
0 0.296 0.732 0.064 0.064
0 0.206 0.38 0.064 0.064
0 0.04 0.836 0.032 0.032
0 0.934 0.098 0.032 0.032
0 0.292 0.62 0.032 0.032
0 0.354 0.446 0.032 0.032
0 0.688 0.296 0.064 0.064
0 0.332 0.796 0.048 0.048
0 0.752 0.316 0.032 0.032
0 0.24 0.58 0.048 0.048
0 0.634 0.84 0.048 0.048
0 0.616 0.51 0.064 0.064
0 0.858 0.204 0.064 0.064
0 0.63 0.408 0.064 0.064
0 0.864 0.278 0.032 0.032
0 0.876 0.478 0.048 0.048
0 0.914 0.766 0.032 0.032
0 0.518 0.052 0.032 0.032
0 0.828 0.654 0.064 0.064
0 0.232 0.228 0.064 0.064
0 0.358 0.556 0.048 0.048
0 0.424 0.576 0.064 0.064
0 0.676 0.578 0.032 0.032
0 0.15 0.7 0.032 0.032
0 0.716 0.792 0.064 0.064
0 0.074 0.95 0.048 0.048
0 0.44 0.448 0.064 0.064
0 0.964 0.64 0.064 0.064
0 0.974 0.922 0.048 0.048
0 0.844 0.82 0.048 0.048
0 0.502 0.378 0.064 0.064
0 0.95 0.558 0.048 0.048
0 0.908 0.312 0.048 0.048
0 0.096 0.666 0.064 0.064
