0 0.932 0.358 0.032 0.032
0 0.39 0.544 0.048 0.048
0 0.14 0.568 0.032 0.032
0 0.346 0.506 0.032 0.032
0 0.634 0.556 0.048 0.048
0 0.528 0.804 0.064 0.064
0 0.056 0.106 0.048 0.048
0 0.874 0.828 0.032 0.032
0 0.138 0.948 0.032 0.032
0 0.426 0.234 0.064 0.064
0 0.084 0.61 0.064 0.064
0 0.928 0.892 0.048 0.048
0 0.232 0.844 0.064 0.064
0 0.208 0.038 0.032 0.032
0 0.096 0.368 0.064 0.064
0 0.702 0.098 0.048 0.048
0 0.326 0.758 0.048 0.048
0 0.836 0.604 0.048 0.048
0 0.272 0.704 0.032 0.032
0 0.382 0.326 0.048 0.048
0 0.956 0.114 0.064 0.064
0 0.27 0.3 0.064 0.064
0 0.694 0.3 0.032 0.032
0 0.308 0.08 0.064 0.064
0 0.21 0.766 0.064 0.064
0 0.456 0.788 0.032 0.032
