0 0.468 0.876 0.048 0.048
0 0.324 0.382 0.064 0.064
0 0.618 0.118 0.048 0.048
0 0.906 0.368 0.032 0.032
0 0.056 0.856 0.064 0.064
0 0.172 0.852 0.048 0.048
0 0.364 0.528 0.048 0.048
0 0.066 0.392 0.048 0.048
0 0.844 0.414 0.064 0.064
0 0.33 0.452 0.064 0.064
0 0.204 0.312 0.048 0.048
0 0.532 0.854 0.032 0.032
0 0.882 0.584 0.032 0.032
0 0.49 0.308 0.048 0.048
0 0.598 0.706 0.048 0.048
0 0.536 0.562 0.064 0.064
0 0.422 0.16 0.044 0.044
0 0.344 0.732 0.048 0.048
0 0.244 0.5 0.064 0.064
0 0.236 0.826 0.032 0.032
0 0.392 0.91 0.048 0.048
0 0.47 0.73 0.032 0.032
0 0.748 0.79 0.064 0.064
0 0.586 0.822 0.064 0.064
0 0.086 0.604 0.048 0.048
0 0.62 0.404 0.032 0.032
0 0.898 0.76 0.048 0.048
0 0.356 0.218 0.032 0.032
0 0.11 0.512 0.048 0.048
0 0.22 0.672 0.064 0.064
0 0.49 0.106 0.032 0.032
0 0.45 0.518 0.048 0.048
0 0.646 0.572 0.064 0.064
0 0.662 0.268 0.048 0.048
0 0.408 0.036 0.048 0.048
0 0.554 0.08 0.032 0.032
0 0.112 0.952 0.048 0.048
0 0.702 0.456 0.048 0.048
0 0.456 0.41 0.064 0.064
0 0.24 0.138 0.048 0.048
0 0.924 0.124 0.032 0.032
0 0.15 0.358 0.048 0.048
0 0.268 0.76 0.048 0.048
0 0.538 0.706 0.048 0.048
0 0.98 0.504 0.032 0.032
0 0.27 0.582 0.064 0.064
0 0.842 0.126 0.048 0.048
0 0.322 0.678 0.032 0.032
0 0.784 0.52 0.048 0.048
0 0.65 0.776 0.048 0.048
0 0.254 0.196 0.048 0.048
0 0.312 0.896 0.032 0.032
0 0.162 0.488 0.048 0.048
0 0.402 0.324 0.048 0.048
0 0.688 0.058 0.064 0.064
0 0.172 0.126 0.048 0.048
0 0.41 0.694 0.064 0.064
0 0.67 0.924 0.064 0.064
0 0.424 0.586 0.064 0.064
0 0.046 0.974 0.048 0.048
0 0.352 0.142 0.064 0.064
0 0.7 0.37 0.048 0.048
0 0.928 0.87 0.048 0.048
0 0.704 0.676 0.048 0.048
0 0.936 0.194 0.064 0.064
0 0.862 0.26 0.032 0.032
0 0.118 0.732 0.032 0.032
0 0.044 0.772 0.064 0.064
