0 0.652 0.56 0.048 0.048
0 0.57 0.866 0.064 0.064
0 0.374 0.504 0.064 0.064
0 0.89 0.904 0.048 0.048
0 0.912 0.334 0.064 0.064
0 0.518 0.47 0.048 0.048
0 0.186 0.388 0.048 0.048
0 0.208 0.92 0.032 0.032
0 0.458 0.5 0.032 0.032
0 0.902 0.192 0.032 0.032
0 0.878 0.482 0.032 0.032
0 0.076 0.582 0.064 0.064
0 0.906 0.69 0.048 0.048
0 0.288 0.416 0.032 0.032
0 0.626 0.42 0.064 0.064
0 0.716 0.87 0.064 0.064
0 0.304 0.528 0.048 0.048
0 0.244 0.576 0.064 0.064
0 0.406 0.928 0.048 0.048
0 0.744 0.37 0.064 0.064
0 0.622 0.274 0.032 0.032
0 0.702 0.028 0.032 0.032
0 0.044 0.922 0.032 0.032
0 0.67 0.648 0.032 0.032
0 0.128 0.26 0.048 0.048
0 0.544 0.418 0.048 0.048
0 0.304 0.826 0.064 0.064
0 0.05 0.33 0.06 0.06
0 0.61 0.93 0.032 0.032
0 0.468 0.818 0.048 0.048
0 0.79 0.31 0.032 0.032
0 0.422 0.648 0.032 0.032
0 0.792 0.846 0.048 0.048
0 0.348 0.09 0.064 0.064
0 0.77 0.96 0.064 0.064
0 0.744 0.624 0.048 0.048
0 0.222 0.25 0.064 0.064
