0 0.14 0.266 0.064 0.064
0 0.384 0.538 0.032 0.032
0 0.528 0.718 0.048 0.048
0 0.352 0.238 0.064 0.064
0 0.304 0.738 0.032 0.032
0 0.046 0.082 0.048 0.048
0 0.922 0.836 0.032 0.032
0 0.806 0.47 0.032 0.032
0 0.242 0.7 0.064 0.064
0 0.524 0.388 0.032 0.032
0 0.846 0.576 0.064 0.064
0 0.588 0.598 0.048 0.048
0 0.086 0.408 0.048 0.048
0 0.956 0.576 0.064 0.064
0 0.148 0.436 0.048 0.048
0 0.45 0.648 0.032 0.032
0 0.062 0.816 0.032 0.032
0 0.756 0.728 0.048 0.048
0 0.808 0.228 0.032 0.032
0 0.504 0.064 0.048 0.048
0 0.801 0.641 0.03 0.03
0 0.09 0.076 0.032 0.032
0 0.86 0.218 0.064 0.064
0 0.168 0.608 0.048 0.048
0 0.224 0.312 0.064 0.064
0 0.742 0.502 0.048 0.048
0 0.852 0.798 0.032 0.032
0 0.702 0.674 0.048 0.048
0 0.88 0.316 0.048 0.048
0 0.324 0.668 0.048 0.048
0 0.294 0.798 0.064 0.064
0 0.788 0.854 0.064 0.064
0 0.756 0.24 0.048 0.048
0 0.274 0.536 0.064 0.064
0 0.916 0.7 0.064 0.064
0 0.962 0.356 0.048 0.048
0 0.88 0.144 0.032 0.032
0 0.208 0.092 0.048 0.048
0 0.268 0.16 0.064 0.064
0 0.1 0.494 0.032 0.032
0 0.718 0.442 0.048 0.048
0 0.726 0.876 0.032 0.032
0 0.562 0.026 0.048 0.048
0 0.464 0.816 0.048 0.048
0 0.362 0.838 0.032 0.032
0 0.888 0.042 0.064 0.064
0 0.036 0.7 0.064 0.064
0 0.51 0.112 0.032 0.032
0 0.638 0.452 0.032 0.032
0 0.546 0.504 0.064 0.064
