0 0.364 0.262 0.064 0.064
0 0.722 0.28 0.032 0.032
0 0.77 0.466 0.032 0.032
0 0.05 0.25 0.048 0.048
0 0.854 0.962 0.032 0.032
0 0.348 0.572 0.064 0.064
0 0.28 0.074 0.032 0.032
0 0.87 0.696 0.032 0.032
0 0.44 0.826 0.064 0.064
0 0.9 0.37 0.064 0.064
0 0.3 0.982 0.032 0.032
0 0.158 0.06 0.048 0.048
0 0.836 0.276 0.032 0.032
0 0.737 0.805 0.03 0.03
0 0.452 0.928 0.032 0.032
0 0.698 0.7 0.064 0.064
0 0.412 0.91 0.032 0.032
0 0.61 0.242 0.048 0.048
0 0.832 0.846 0.048 0.048
0 0.13 0.498 0.048 0.048
0 0.934 0.868 0.048 0.048
0 0.372 0.812 0.032 0.032
0 0.486 0.394 0.064 0.064
0 0.848 0.748 0.032 0.032
0 0.918 0.562 0.064 0.064
0 0.344 0.716 0.064 0.064
0 0.157 0.822 0.034 0.032
0 0.274 0.692 0.048 0.048
0 0.968 0.734 0.048 0.048
0 0.116 0.42 0.064 0.064
0 0.622 0.478 0.048 0.048
0 0.766 0.768 0.032 0.032
0 0.068 0.546 0.032 0.032
0 0.592 0.798 0.032 0.032
0 0.558 0.062 0.032 0.032
0 0.342 0.178 0.048 0.048
0 0.642 0.852 0.064 0.064
0 0.096 0.872 0.064 0.064
0 0.058 0.1 0.064 0.064
0 0.498 0.926 0.048 0.048
0 0.294 0.36 0.032 0.032
0 0.058 0.602 0.048 0.048
0 0.562 0.676 0.064 0.064
