0 0.37 0.73 0.064 0.064
0 0.374 0.6 0.06 0.06
0 0.788 0.114 0.032 0.032
0 0.23 0.046 0.032 0.032
0 0.97 0.786 0.048 0.048
0 0.062 0.138 0.032 0.032
0 0.316 0.204 0.064 0.064
0 0.071 0.825 0.042 0.042
0 0.574 0.778 0.032 0.032
0 0.36 0.976 0.032 0.032
0 0.166 0.578 0.064 0.064
0 0.542 0.48 0.048 0.048
0 0.134 0.124 0.064 0.064
0 0.77 0.806 0.064 0.064
0 0.888 0.864 0.064 0.064
0 0.684 0.858 0.036 0.036
0 0.67 0.072 0.064 0.064
0 0.592 0.84 0.064 0.064
0 0.156 0.808 0.064 0.064
0 0.368 0.428 0.048 0.048
0 0.532 0.59 0.032 0.032
0 0.51 0.656 0.032 0.032
0 0.602 0.29 0.032 0.032
0 0.826 0.436 0.048 0.048
0 0.746 0.45 0.032 0.032
0 0.138 0.674 0.032 0.032
0 0.188 0.98 0.032 0.032
0 0.492 0.726 0.064 0.064
0 0.098 0.422 0.064 0.064
0 0.574 0.732 0.032 0.032
0 0.304 0.768 0.032 0.032
0 0.788 0.232 0.032 0.032
0 0.484 0.81 0.032 0.032
0 0.652 0.754 0.032 0.032
0 0.65 0.648 0.048 0.048
0 0.644 0.386 0.032 0.032
0 0.42 0.456 0.048 0.048
0 0.148 0.972 0.032 0.032
0 0.242 0.14 0.048 0.048
0 0.238 0.81 0.048 0.048
0 0.964 0.724 0.064 0.064
0 0.88 0.376 0.048 0.048
0 0.392 0.23 0.064 0.064
0 0.182 0.224 0.032 0.032
0 0.09 0.288 0.032 0.032
0 0.804 0.596 0.064 0.064
0 0.79 0.912 0.064 0.064
0 0.086 0.94 0.048 0.048
0 0.048 0.086 0.032 0.032
0 0.924 0.936 0.048 0.048
0 0.25 0.606 0.064 0.064
0 0.822 0.534 0.048 0.048
0 0.684 0.188 0.032 0.032
0 0.034 0.574 0.048 0.048
0 0.918 0.078 0.06 0.06
0 0.068 0.482 0.032 0.032
0 0.304 0.698 0.032 0.032
0 0.242 0.214 0.032 0.032
0 0.728 0.1 0.032 0.032
0 0.348 0.114 0.064 0.064
0 0.492 0.864 0.032 0.032
0 0.556 0.432 0.032 0.032
0 0.35 0.342 0.064 0.064
0 0.438 0.346 0.048 0.048
0 0.622 0.964 0.048 0.048
0 0.816 0.154 0.032 0.032
0 0.79 0.74 0.032 0.032
0 0.056 0.338 0.048 0.048
0 0.27 0.358 0.064 0.064
0 0.914 0.596 0.064 0.064
0 0.084 0.028 0.048 0.048
0 0.632 0.184 0.032 0.032
0 0.552 0.948 0.032 0.032
0 0.04 0.878 0.032 0.032
0 0.646 0.482 0.048 0.048
0 0.672 0.332 0.048 0.048
0 0.374 0.54 0.032 0.032
0 0.954 0.354 0.032 0.032
0 0.362 0.894 0.048 0.048
0 0.432 0.966 0.064 0.064
0 0.122 0.188 0.032 0.032
0 0.958 0.862 0.064 0.064
0 0.884 0.274 0.032 0.032
0 0.242 0.886 0.032 0.032
0 0.466 0.674 0.032 0.032
