0 0.174 0.322 0.064 0.064
0 0.766 0.666 0.032 0.032
0 0.416 0.484 0.032 0.032
0 0.826 0.134 0.032 0.032
0 0.96 0.828 0.032 0.032
0 0.142 0.23 0.064 0.064
0 0.268 0.422 0.064 0.064
0 0.726 0.334 0.032 0.032
0 0.262 0.868 0.064 0.064
0 0.298 0.338 0.048 0.048
0 0.706 0.872 0.032 0.032
0 0.584 0.926 0.032 0.032
0 0.902 0.178 0.032 0.032
0 0.076 0.528 0.064 0.064
0 0.818 0.784 0.064 0.064
0 0.45 0.676 0.048 0.048
0 0.49 0.1 0.032 0.032
0 0.474 0.592 0.048 0.048
0 0.746 0.542 0.032 0.032
0 0.04 0.76 0.032 0.032
0 0.698 0.482 0.032 0.032
0 0.386 0.608 0.064 0.064
0 0.086 0.144 0.048 0.048
