0 0.87 0.232 0.032 0.032
0 0.266 0.108 0.032 0.032
0 0.418 0.24 0.048 0.048
0 0.453 0.78 0.034 0.032
0 0.058 0.796 0.064 0.064
0 0.288 0.284 0.064 0.064
0 0.116 0.636 0.064 0.064
0 0.198 0.306 0.032 0.032
0 0.77 0.416 0.032 0.032
0 0.246 0.57 0.032 0.032
0 0.36 0.46 0.032 0.032
0 0.974 0.592 0.048 0.048
0 0.35 0.714 0.064 0.064
0 0.16 0.886 0.048 0.048
0 0.67 0.096 0.064 0.064
0 0.088 0.344 0.032 0.032
0 0.548 0.346 0.032 0.032
0 0.414 0.348 0.064 0.064
0 0.272 0.798 0.032 0.032
0 0.842 0.502 0.032 0.032
0 0.334 0.074 0.048 0.048
0 0.733 0.517 0.03 0.03
0 0.5 0.618 0.048 0.048
0 0.378 0.872 0.032 0.032
0 0.136 0.818 0.064 0.064
0 0.906 0.354 0.048 0.048
0 0.358 0.57 0.064 0.064
0 0.458 0.95 0.032 0.032
0 0.72 0.91 0.032 0.032
0 0.636 0.85 0.048 0.032
0 0.49 0.15 0.064 0.064
0 0.828 0.142 0.032 0.032
0 0.948 0.246 0.048 0.048
0 0.898 0.18 0.048 0.048
0 0.244 0.858 0.064 0.064
0 0.626 0.658 0.064 0.064
0 0.61 0.184 0.032 0.032
0 0.538 0.464 0.048 0.048
0 0.858 0.71 0.048 0.048
0 0.16 0.486 0.032 0.032
0 0.614 0.532 0.064 0.064
0 0.886 0.918 0.064 0.064
0 0.582 0.722 0.048 0.048
0 0.066 0.042 0.064 0.064
0 0.2 0.706 0.048 0.048
0 0.652 0.204 0.032 0.032
0 0.81 0.058 0.064 0.064
0 0.266 0.436 0.032 0.032
0 0.118 0.274 0.048 0.048
0 0.102 0.21 0.064 0.064
0 0.892 0.476 0.048 0.048
0 0.226 0.966 0.048 0.048
0 0.654 0.936 0.032 0.032
0 0.902 0.106 0.048 0.048
0 0.602 0.434 0.064 0.064
0 0.212 0.376 0.048 0.048
0 0.546 0.578 0.032 0.032
0 0.594 0.36 0.048 0.048
0 0.738 0.59 0.064 0.064
0 0.728 0.344 0.032 0.032
0 0.896 0.642 0.064 0.064
0 0.216 0.632 0.064 0.064
0 0.922 0.97 0.032 0.032
0 0.248 0.916 0.032 0.032
0 0.54 0.212 0.032 0.032
0 0.65 0.254 0.048 0.048
0 0.061 0.729 0.03 0.03
0 0.71 0.294 0.048 0.048
0 0.974 0.178 0.032 0.032
0 0.87 0.814 0.064 0.064
0 0.358 0.184 0.064 0.064
0 0.242 0.218 0.032 0.032
