0 0.398 0.136 0.032 0.032
0 0.576 0.8 0.032 0.032
0 0.294 0.478 0.064 0.064
0 0.074 0.908 0.032 0.032
0 0.204 0.66 0.032 0.032
0 0.328 0.244 0.048 0.048
0 0.296 0.802 0.032 0.032
0 0.198 0.944 0.064 0.064
0 0.136 0.454 0.048 0.048
0 0.782 0.66 0.032 0.032
0 0.22 0.146 0.064 0.064
0 0.952 0.618 0.032 0.032
0 0.618 0.356 0.036 0.036
0 0.712 0.626 0.044 0.044
0 0.968 0.296 0.048 0.048
0 0.864 0.042 0.064 0.064
0 0.496 0.924 0.048 0.048
0 0.742 0.548 0.048 0.048
0 0.044 0.164 0.032 0.032
0 0.66 0.096 0.048 0.048
0 0.424 0.482 0.032 0.032
0 0.084 0.354 0.032 0.032
0 0.938 0.032 0.032 0.032
0 0.166 0.556 0.064 0.064
0 0.204 0.75 0.064 0.064
0 0.082 0.856 0.032 0.032
0 0.75 0.188 0.032 0.032
0 0.524 0.446 0.064 0.064
0 0.574 0.586 0.048 0.048
0 0.716 0.476 0.064 0.064
0 0.906 0.56 0.048 0.048
0 0.302 0.688 0.048 0.048
0 0.83 0.716 0.032 0.032
0 0.766 0.092 0.032 0.032
0 0.4 0.914 0.064 0.064
0 0.416 0.804 0.064 0.064
0 0.752 0.236 0.048 0.048
0 0.114 0.27 0.064 0.064
0 0.308 0.756 0.032 0.032
0 0.084 0.52 0.048 0.048
0 0.06 0.766 0.032 0.032
0 0.238 0.884 0.032 0.032
0 0.312 0.54 0.048 0.048
0 0.24 0.576 0.064 0.064
0 0.522 0.618 0.032 0.032
0 0.876 0.196 0.064 0.064
0 0.364 0.426 0.048 0.048
0 0.712 0.356 0.064 0.064
0 0.32 0.616 0.064 0.064
0 0.376 0.582 0.032 0.032
0 0.868 0.864 0.044 0.044
0 0.954 0.462 0.064 0.064
0 0.676 0.302 0.032 0.032
