0 0.522 0.558 0.064 0.064
0 0.652 0.564 0.064 0.064
0 0.612 0.29 0.064 0.064
0 0.428 0.518 0.048 0.048
0 0.322 0.556 0.064 0.064
0 0.324 0.214 0.048 0.048
0 0.026 0.592 0.032 0.032
0 0.764 0.242 0.064 0.064
0 0.13 0.432 0.048 0.048
0 0.68 0.1 0.048 0.048
0 0.028 0.922 0.048 0.048
0 0.186 0.864 0.048 0.048
0 0.452 0.796 0.032 0.032
0 0.826 0.816 0.048 0.048
0 0.604 0.848 0.032 0.032
0 0.486 0.208 0.048 0.048
0 0.938 0.128 0.048 0.048
0 0.772 0.63 0.032 0.032
0 0.508 0.93 0.048 0.048
0 0.776 0.468 0.032 0.032
0 0.242 0.93 0.032 0.032
0 0.608 0.024 0.032 0.032
0 0.056 0.856 0.032 0.032
0 0.566 0.782 0.048 0.032
0 0.622 0.752 0.048 0.048
0 0.062 0.446 0.032 0.032
0 0.916 0.824 0.048 0.048
0 0.094 0.702 0.064 0.064
0 0.284 0.734 0.032 0.032
0 0.198 0.238 0.064 0.064
0 0.924 0.052 0.064 0.064
0 0.692 0.93 0.032 0.032
0 0.482 0.416 0.024 0.024
0 0.796 0.328 0.048 0.048
0 0.03 0.71 0.048 0.048
0 0.044 0.242 0.064 0.064
0 0.122 0.644 0.032 0.032
0 0.12 0.494 0.048 0.048
0 0.318 0.806 0.048 0.048
0 0.25 0.616 0.048 0.048
0 0.94 0.602 0.032 0.032
0 0.95 0.424 0.064 0.064
0 0.762 0.086 0.064 0.064
0 0.072 0.134 0.048 0.048
0 0.894 0.428 0.032 0.032
0 0.124 0.178 0.048 0.048
0 0.966 0.212 0.032 0.032
0 0.088 0.556 0.064 0.064
0 0.172 0.936 0.032 0.032
0 0.44 0.46 0.048 0.048
0 0.228 0.684 0.064 0.064
0 0.524 0.736 0.032 0.032
0 0.82 0.164 0.064 0.064
0 0.578 0.142 0.064 0.064
0 0.538 0.334 0.064 0.064
0 0.306 0.896 0.064 0.064
0 0.814 0.51 0.032 0.032
0 0.508 0.828 0.032 0.032
0 0.95 0.508 0.032 0.032
0 0.816 0.026 0.048 0.048
0 0.873 0.915 0.03 0.03
0 0.182 0.766 0.048 0.048
0 0.194 0.328 0.032 0.032
0 0.404 0.954 0.064 0.064
0 0.264 0.45 0.064 0.064
0 0.412 0.684 0.048 0.048
0 0.636 0.962 0.048 0.048
0 0.8 0.892 0.032 0.032
0 0.184 0.536 0.032 0.032
0 0.07 0.394 0.064 0.064
0 0.318 0.302 0.064 0.064
0 0.784 0.71 0.064 0.064
0 0.434 0.344 0.048 0.048
0 0.59 0.592 0.048 0.048
0 0.314 0.666 0.064 0.064
0 0.76 0.834 0.048 0.048
0 0.14 0.044 0.048 0.048
0 0.558 0.276 0.032 0.032
0 0.166 0.618 0.032 0.032
