0 0.288 0.25 0.048 0.048
0 0.806 0.896 0.048 0.048
0 0.154 0.346 0.032 0.032
0 0.434 0.196 0.064 0.064
0 0.096 0.352 0.048 0.048
0 0.076 0.106 0.032 0.032
0 0.784 0.54 0.032 0.032
0 0.188 0.056 0.064 0.064
0 0.616 0.624 0.064 0.064
0 0.394 0.938 0.064 0.064
0 0.942 0.37 0.048 0.048
0 0.57 0.316 0.032 0.032
0 0.672 0.686 0.032 0.032
0 0.702 0.192 0.032 0.032
0 0.968 0.93 0.048 0.048
0 0.302 0.884 0.048 0.048
0 0.702 0.46 0.032 0.032
0 0.192 0.822 0.048 0.048
0 0.836 0.798 0.032 0.032
0 0.144 0.888 0.032 0.032
0 0.328 0.754 0.064 0.064
0 0.804 0.402 0.032 0.032
0 0.04 0.154 0.048 0.048
0 0.142 0.956 0.032 0.032
0 0.576 0.408 0.048 0.048
0 0.826 0.264 0.064 0.064
0 0.954 0.538 0.048 0.048
0 0.478 0.452 0.032 0.032
0 0.824 0.166 0.032 0.032
0 0.742 0.742 0.032 0.032
0 0.922 0.736 0.048 0.048
0 0.456 0.13 0.048 0.048
0 0.232 0.19 0.032 0.032
0 0.518 0.04 0.032 0.032
0 0.648 0.244 0.048 0.048
0 0.096 0.152 0.032 0.032
0 0.206 0.632 0.032 0.032
0 0.332 0.546 0.032 0.032
0 0.392 0.85 0.032 0.032
0 0.31 0.128 0.064 0.064
0 0.318 0.04 0.048 0.048
0 0.384 0.396 0.032 0.032
0 0.166 0.524 0.064 0.064
0 0.71 0.59 0.064 0.064
0 0.618 0.558 0.044 0.044
0 0.81 0.662 0.048 0.048
0 0.786 0.78 0.048 0.048
0 0.052 0.4 0.036 0.036
0 0.966 0.47 0.064 0.064
0 0.606 0.794 0.032 0.032
0 0.736 0.408 0.032 0.032
0 0.712 0.272 0.064 0.064
0 0.432 0.348 0.048 0.048
0 0.632 0.958 0.048 0.048
0 0.528 0.146 0.048 0.048
0 0.48 0.904 0.064 0.064
0 0.026 0.226 0.048 0.048
0 0.354 0.872 0.032 0.032
0 0.922 0.252 0.032 0.032
0 0.312 0.68 0.032 0.032
0 0.092 0.774 0.032 0.032
0 0.244 0.564 0.064 0.064
0 0.476 0.592 0.064 0.064
0 0.838 0.078 0.064 0.064
0 0.07 0.968 0.048 0.048
0 0.074 0.588 0.032 0.032
0 0.524 0.268 0.048 0.048
