0 0.776 0.492 0.048 0.048
0 0.036 0.186 0.048 0.048
0 0.038 0.358 0.032 0.032
0 0.792 0.416 0.032 0.032
0 0.278 0.478 0.064 0.064
0 0.528 0.13 0.048 0.048
0 0.794 0.604 0.048 0.048
0 0.72 0.276 0.064 0.064
0 0.362 0.868 0.048 0.048
0 0.378 0.64 0.032 0.032
0 0.478 0.206 0.036 0.036
0 0.308 0.698 0.048 0.048
0 0.526 0.412 0.048 0.048
0 0.274 0.192 0.032 0.032
0 0.67 0.892 0.064 0.064
0 0.354 0.268 0.032 0.032
0 0.43 0.504 0.064 0.064
0 0.452 0.618 0.032 0.032
0 0.864 0.536 0.064 0.064
0 0.484 0.706 0.032 0.032
0 0.838 0.668 0.048 0.048
0 0.308 0.068 0.036 0.036
0 0.018 0.912 0.032 0.032
0 0.138 0.9 0.064 0.064
0 0.104 0.254 0.032 0.032
0 0.762 0.924 0.048 0.048
0 0.382 0.42 0.048 0.048
0 0.056 0.048 0.048 0.048
