0 0.214 0.192 0.064 0.064
0 0.056 0.122 0.064 0.064
0 0.638 0.63 0.048 0.048
0 0.864 0.284 0.048 0.048
0 0.594 0.416 0.032 0.032
0 0.42 0.218 0.064 0.064
0 0.914 0.468 0.032 0.032
0 0.784 0.738 0.032 0.032
0 0.48 0.504 0.064 0.064
0 0.054 0.672 0.048 0.048
0 0.296 0.93 0.048 0.048
0 0.21 0.744 0.032 0.032
0 0.962 0.748 0.048 0.048
0 0.654 0.704 0.064 0.064
0 0.754 0.346 0.048 0.048
0 0.214 0.246 0.032 0.032
0 0.889 0.381 0.042 0.042
0 0.466 0.324 0.032 0.032
0 0.376 0.35 0.032 0.032
0 0.68 0.494 0.064 0.064
0 0.1 0.542 0.064 0.064
0 0.832 0.68 0.064 0.064
0 0.218 0.902 0.032 0.032
0 0.142 0.442 0.032 0.032
0 0.32 0.616 0.032 0.032
0 0.306 0.426 0.048 0.048
0 0.786 0.05 0.048 0.048
0 0.52 0.264 0.032 0.032
0 0.922 0.838 0.036 0.036
0 0.24 0.686 0.064 0.064
0 0.468 0.386 0.032 0.032
