0 0.134 0.374 0.064 0.064
0 0.755 0.614 0.034 0.032
0 0.694 0.81 0.048 0.048
0 0.586 0.53 0.048 0.048
0 0.218 0.392 0.048 0.048
0 0.384 0.824 0.064 0.064
0 0.942 0.356 0.032 0.032
0 0.662 0.43 0.032 0.032
0 0.556 0.406 0.048 0.048
0 0.852 0.598 0.032 0.032
0 0.88 0.37 0.048 0.048
0 0.308 0.346 0.064 0.064
0 0.942 0.41 0.032 0.032
0 0.308 0.964 0.048 0.048
0 0.642 0.466 0.032 0.032
0 0.6 0.608 0.064 0.064
0 0.902 0.106 0.064 0.064
0 0.748 0.036 0.032 0.032
0 0.398 0.68 0.064 0.064
0 0.228 0.282 0.032 0.032
0 0.71 0.068 0.032 0.032
0 0.786 0.764 0.048 0.048
0 0.534 0.252 0.048 0.048
0 0.904 0.31 0.032 0.032
0 0.818 0.052 0.032 0.032
0 0.166 0.902 0.032 0.032
0 0.176 0.464 0.064 0.064
0 0.06 0.954 0.048 0.048
0 0.55 0.344 0.032 0.032
0 0.94 0.496 0.064 0.064
0 0.23 0.928 0.032 0.032
0 0.886 0.874 0.048 0.048
0 0.43 0.168 0.048 0.048
0 0.676 0.322 0.032 0.032
0 0.86 0.308 0.032 0.032
0 0.496 0.54 0.064 0.064
0 0.86 0.248 0.048 0.048
0 0.756 0.872 0.048 0.048
0 0.09 0.72 0.064 0.064
0 0.348 0.116 0.064 0.064
0 0.474 0.042 0.048 0.048
0 0.336 0.92 0.032 0.032
0 0.044 0.444 0.032 0.032
0 0.356 0.488 0.032 0.032
0 0.068 0.564 0.032 0.032
0 0.484 0.956 0.064 0.064
0 0.746 0.436 0.064 0.064
0 0.91 0.684 0.048 0.048
0 0.492 0.442 0.048 0.048
0 0.164 0.964 0.048 0.048
0 0.954 0.77 0.064 0.064
0 0.202 0.798 0.064 0.064
0 0.348 0.882 0.032 0.032
0 0.23 0.854 0.032 0.032
0 0.108 0.962 0.032 0.032
0 0.538 0.17 0.064 0.064
0 0.208 0.09 0.032 0.032
0 0.336 0.398 0.032 0.032
0 0.664 0.156 0.064 0.064
0 0.802 0.52 0.064 0.064
0 0.462 0.24 0.064 0.064
0 0.966 0.3 0.064 0.064
0 0.114 0.086 0.036 0.036
0 0.312 0.568 0.032 0.032
0 0.226 0.586 0.064 0.064
0 0.942 0.634 0.032 0.032
0 0.858 0.728 0.032 0.032
0 0.23 0.668 0.048 0.048
0 0.192 0.238 0.032 0.032
0 0.674 0.68 0.064 0.064
0 0.658 0.86 0.032 0.032
0 0.036 0.196 0.064 0.064
0 0.89 0.948 0.048 0.048
0 0.066 0.124 0.048 0.048
0 0.048 0.058 0.064 0.064
0 0.928 0.224 0.064 0.064
