0 0.094 0.444 0.032 0.032
0 0.962 0.196 0.048 0.048
0 0.664 0.87 0.032 0.032
0 0.692 0.688 0.048 0.048
0 0.044 0.632 0.048 0.048
0 0.78 0.614 0.032 0.032
0 0.242 0.454 0.032 0.032
0 0.166 0.146 0.064 0.064
0 0.656 0.118 0.048 0.048
0 0.096 0.19 0.048 0.048
0 0.886 0.372 0.048 0.048
0 0.93 0.1 0.032 0.032
0 0.852 0.15 0.048 0.048
0 0.88 0.708 0.032 0.032
0 0.778 0.792 0.032 0.032
0 0.758 0.5 0.064 0.064
0 0.902 0.444 0.048 0.048
0 0.382 0.954 0.032 0.032
0 0.918 0.662 0.032 0.032
0 0.65 0.308 0.048 0.048
0 0.402 0.28 0.048 0.048
0 0.088 0.134 0.032 0.032
0 0.558 0.738 0.064 0.064
0 0.61 0.768 0.032 0.032
0 0.806 0.242 0.048 0.048
0 0.346 0.73 0.032 0.032
0 0.736 0.05 0.032 0.032
0 0.788 0.33 0.032 0.032
