0 0.466 0.438 0.064 0.064
0 0.036 0.328 0.032 0.032
0 0.388 0.316 0.064 0.064
0 0.34 0.176 0.064 0.064
0 0.064 0.572 0.032 0.032
0 0.616 0.93 0.032 0.032
0 0.292 0.446 0.048 0.048
0 0.848 0.606 0.048 0.048
0 0.822 0.816 0.032 0.032
0 0.38 0.518 0.064 0.064
0 0.074 0.864 0.032 0.032
0 0.058 0.08 0.064 0.064
0 0.036 0.668 0.048 0.048
0 0.928 0.046 0.048 0.048
0 0.362 0.094 0.032 0.032
0 0.822 0.482 0.064 0.064
0 0.192 0.022 0.032 0.032
0 0.758 0.252 0.032 0.032
0 0.418 0.918 0.032 0.032
0 0.53 0.646 0.064 0.064
0 0.736 0.954 0.032 0.032
0 0.438 0.826 0.048 0.048
0 0.068 0.472 0.064 0.064
0 0.88 0.968 0.048 0.048
0 0.676 0.478 0.048 0.048
0 0.268 0.75 0.064 0.064
0 0.746 0.424 0.032 0.032
0 0.678 0.938 0.032 0.032
0 0.918 0.568 0.032 0.032
0 0.79 0.644 0.032 0.032
0 0.762 0.314 0.032 0.032
0 0.576 0.37 0.064 0.064
0 0.67 0.148 0.064 0.064
0 0.46 0.692 0.064 0.064
0 0.936 0.476 0.064 0.064
0 0.588 0.286 0.032 0.032
0 0.332 0.262 0.032 0.032
0 0.36 0.424 0.032 0.032
0 0.144 0.774 0.032 0.032
0 0.79 0.692 0.048 0.048
0 0.772 0.834 0.048 0.048
0 0.182 0.11 0.064 0.064
0 0.538 0.836 0.032 0.032
0 0.156 0.254 0.064 0.064
0 0.544 0.492 0.064 0.064
0 0.294 0.926 0.032 0.032
0 0.146 0.932 0.064 0.064
0 0.132 0.578 0.064 0.064
0 0.786 0.2 0.064 0.064
0 0.108 0.374 0.064 0.064
0 0.178 0.7 0.032 0.032
0 0.966 0.942 0.064 0.064
0 0.21 0.504 0.048 0.048
0 0.612 0.22 0.064 0.064
0 0.26 0.13 0.032 0.032
0 0.216 0.85 0.048 0.048
0 0.31 0.686 0.032 0.032
0 0.258 0.194 0.064 0.064
0 0.658 0.758 0.032 0.032
0 0.084 0.214 0.064 0.064
0 0.946 0.416 0.048 0.048
0 0.56 0.568 0.064 0.064
0 0.236 0.626 0.048 0.048
0 0.66 0.388 0.064 0.064
0 0.722 0.26 0.032 0.032
0 0.356 0.784 0.048 0.048
0 0.598 0.094 0.032 0.032
0 0.496 0.038 0.064 0.064
0 0.106 0.748 0.032 0.032
0 0.966 0.196 0.064 0.064
0 0.836 0.048 0.064 0.064
0 0.66 0.53 0.032 0.032
0 0.768 0.56 0.048 0.048
0 0.512 0.8 0.032 0.032
0 0.642 0.034 0.064 0.064
0 0.456 0.364 0.032 0.032
0 0.958 0.33 0.064 0.064
0 0.206 0.416 0.048 0.048
0 0.54 0.932 0.048 0.048
0 0.136 0.668 0.032 0.032
0 0.336 0.64 0.048 0.048
