0 0.378 0.78 0.064 0.064
0 0.182 0.11 0.064 0.064
0 0.504 0.386 0.048 0.048
0 0.32 0.952 0.064 0.064
0 0.308 0.066 0.032 0.032
0 0.424 0.938 0.048 0.048
0 0.894 0.29 0.032 0.032
0 0.848 0.962 0.032 0.032
0 0.306 0.38 0.048 0.048
0 0.436 0.064 0.032 0.032
0 0.53 0.026 0.044 0.044
0 0.166 0.674 0.032 0.032
0 0.87 0.554 0.032 0.032
0 0.882 0.13 0.064 0.064
0 0.946 0.752 0.032 0.032
0 0.172 0.034 0.032 0.032
0 0.112 0.362 0.032 0.032
0 0.484 0.71 0.064 0.064
0 0.676 0.688 0.048 0.048
0 0.49 0.114 0.048 0.048
0 0.628 0.512 0.064 0.064
0 0.588 0.394 0.064 0.064
