0 0.666 0.786 0.064 0.064
0 0.362 0.752 0.032 0.032
0 0.088 0.21 0.048 0.048
0 0.78 0.886 0.064 0.064
0 0.87 0.282 0.032 0.032
0 0.27 0.434 0.048 0.048
0 0.898 0.706 0.032 0.032
0 0.462 0.026 0.032 0.032
0 0.552 0.396 0.048 0.048
0 0.592 0.744 0.064 0.064
0 0.026 0.132 0.032 0.032
0 0.736 0.456 0.048 0.048
0 0.938 0.214 0.064 0.064
0 0.798 0.716 0.032 0.032
0 0.258 0.972 0.032 0.032
0 0.618 0.226 0.048 0.048
0 0.782 0.61 0.048 0.048
0 0.384 0.878 0.032 0.032
0 0.354 0.678 0.032 0.032
0 0.786 0.182 0.048 0.048
0 0.304 0.84 0.032 0.032
0 0.422 0.246 0.048 0.048
0 0.78 0.426 0.032 0.032
0 0.24 0.87 0.032 0.032
0 0.84 0.054 0.032 0.032
0 0.89 0.342 0.064 0.064
0 0.368 0.364 0.032 0.032
0 0.358 0.926 0.048 0.048
0 0.412 0.394 0.032 0.032
0 0.402 0.686 0.032 0.032
0 0.94 0.546 0.048 0.048
0 0.406 0.548 0.048 0.048
0 0.576 0.662 0.032 0.032
0 0.148 0.912 0.06 0.06
0 0.674 0.13 0.032 0.032
0 0.462 0.198 0.032 0.032
0 0.214 0.652 0.048 0.048
0 0.486 0.376 0.032 0.032
0 0.364 0.102 0.064 0.064
0 0.082 0.516 0.064 0.064
0 0.78 0.274 0.032 0.032
0 0.484 0.476 0.032 0.032
0 0.198 0.584 0.064 0.064
0 0.202 0.072 0.064 0.064
0 0.63 0.472 0.064 0.064
0 0.166 0.34 0.048 0.048
0 0.64 0.038 0.064 0.064
0 0.83 0.62 0.032 0.032
0 0.694 0.342 0.048 0.048
0 0.024 0.834 0.032 0.032
0 0.278 0.552 0.064 0.064
0 0.156 0.448 0.032 0.032
0 0.412 0.73 0.032 0.032
0 0.909 0.607 0.042 0.042
0 0.724 0.286 0.048 0.048
0 0.96 0.034 0.064 0.064
0 0.068 0.632 0.048 0.048
0 0.892 0.872 0.048 0.032
0 0.672 0.66 0.048 0.048
0 0.12 0.754 0.064 0.064
0 0.46 0.856 0.032 0.032
0 0.946 0.706 0.048 0.048
0 0.142 0.078 0.032 0.032
0 0.542 0.054 0.032 0.032
0 0.836 0.812 0.048 0.048
0 0.281 0.334 0.034 0.032
0 0.466 0.8 0.064 0.064
0 0.418 0.31 0.064 0.064
0 0.684 0.9 0.048 0.048
0 0.562 0.292 0.064 0.064
0 0.5 0.172 0.032 0.032
