0 0.622 0.976 0.032 0.032
0 0.582 0.782 0.048 0.048
0 0.498 0.318 0.048 0.048
0 0.864 0.806 0.048 0.048
0 0.762 0.118 0.032 0.032
0 0.033 0.875 0.022 0.022
0 0.844 0.38 0.032 0.032
0 0.954 0.418 0.032 0.032
0 0.088 0.28 0.048 0.048
0 0.332 0.182 0.048 0.048
0 0.124 0.766 0.048 0.048
0 0.408 0.372 0.048 0.048
0 0.256 0.254 0.048 0.048
0 0.412 0.562 0.032 0.032
0 0.204 0.78 0.064 0.064
0 0.956 0.536 0.048 0.048
0 0.744 0.444 0.032 0.032
0 0.242 0.02 0.032 0.032
0 0.862 0.3 0.064 0.064
0 0.698 0.452 0.032 0.032
0 0.078 0.564 0.064 0.064
0 0.038 0.828 0.048 0.048
0 0.524 0.148 0.048 0.048
0 0.902 0.376 0.064 0.064
0 0.418 0.804 0.048 0.048
0 0.322 0.104 0.064 0.064
0 0.956 0.712 0.032 0.032
0 0.73 0.696 0.064 0.064
0 0.358 0.826 0.032 0.032
0 0.274 0.696 0.048 0.048
0 0.062 0.162 0.032 0.032
0 0.212 0.08 0.032 0.032
0 0.8 0.862 0.064 0.064
0 0.604 0.288 0.048 0.048
0 0.106 0.486 0.064 0.064
0 0.942 0.814 0.032 0.032
0 0.846 0.096 0.048 0.048
0 0.398 0.884 0.048 0.048
