0 0.432 0.272 0.032 0.032
0 0.944 0.236 0.048 0.048
0 0.41 0.67 0.064 0.064
0 0.94 0.79 0.048 0.048
0 0.964 0.294 0.048 0.048
0 0.62 0.306 0.064 0.064
0 0.218 0.494 0.048 0.048
0 0.95 0.566 0.064 0.064
0 0.628 0.164 0.064 0.064
0 0.836 0.096 0.048 0.048
0 0.922 0.97 0.048 0.048
0 0.674 0.618 0.064 0.064
0 0.7 0.968 0.032 0.032
0 0.774 0.728 0.064 0.064
0 0.35 0.362 0.048 0.048
0 0.706 0.786 0.064 0.064
0 0.214 0.786 0.048 0.048
0 0.62 0.802 0.048 0.048
0 0.47 0.73 0.048 0.048
0 0.474 0.076 0.064 0.064
0 0.85 0.8 0.064 0.064
0 0.914 0.654 0.064 0.064
0 0.346 0.516 0.064 0.064
0 0.078 0.342 0.048 0.048
