0 0.92 0.936 0.064 0.064
0 0.792 0.936 0.032 0.032
0 0.248 0.05 0.032 0.032
0 0.402 0.668 0.064 0.064
0 0.93 0.632 0.032 0.032
0 0.852 0.252 0.048 0.048
0 0.242 0.744 0.032 0.032
0 0.696 0.49 0.032 0.032
0 0.5 0.516 0.048 0.048
0 0.17 0.946 0.032 0.032
0 0.722 0.362 0.032 0.032
0 0.86 0.608 0.032 0.032
0 0.264 0.576 0.064 0.064
0 0.39 0.286 0.048 0.048
0 0.62 0.174 0.048 0.048
0 0.04 0.816 0.064 0.064
0 0.212 0.39 0.032 0.032
0 0.826 0.708 0.048 0.048
0 0.906 0.794 0.064 0.064
0 0.806 0.144 0.032 0.032
0 0.534 0.598 0.032 0.032
0 0.096 0.584 0.032 0.032
0 0.616 0.374 0.048 0.048
0 0.636 0.586 0.064 0.064
0 0.54 0.144 0.064 0.064
0 0.328 0.892 0.032 0.032
0 0.48 0.908 0.036 0.036
0 0.036 0.504 0.048 0.048
0 0.42 0.952 0.048 0.048
0 0.516 0.372 0.032 0.032
0 0.892 0.38 0.048 0.048
0 0.55 0.968 0.032 0.032
0 0.318 0.814 0.048 0.048
0 0.102 0.978 0.032 0.032
0 0.216 0.674 0.064 0.064
0 0.346 0.936 0.048 0.048
0 0.754 0.438 0.064 0.064
0 0.162 0.26 0.032 0.032
0 0.754 0.232 0.048 0.048
0 0.118 0.85 0.064 0.064
0 0.852 0.976 0.032 0.032
0 0.03 0.616 0.032 0.032
