0 0.644 0.176 0.064 0.064
0 0.222 0.76 0.064 0.064
0 0.254 0.29 0.048 0.048
0 0.51 0.226 0.044 0.044
0 0.306 0.372 0.032 0.032
0 0.846 0.576 0.032 0.032
0 0.342 0.682 0.048 0.048
0 0.89 0.048 0.048 0.048
0 0.786 0.09 0.032 0.032
0 0.458 0.216 0.032 0.032
0 0.086 0.844 0.064 0.064
0 0.902 0.204 0.048 0.048
0 0.886 0.646 0.064 0.064
0 0.544 0.358 0.06 0.06
0 0.21 0.678 0.032 0.032
0 0.072 0.2 0.032 0.032
0 0.928 0.516 0.032 0.032
0 0.956 0.326 0.064 0.064
0 0.476 0.682 0.048 0.048
0 0.646 0.624 0.064 0.064
0 0.452 0.612 0.048 0.048
0 0.766 0.778 0.048 0.048
0 0.636 0.28 0.064 0.064
0 0.288 0.556 0.048 0.048
0 0.738 0.312 0.032 0.032
0 0.454 0.446 0.064 0.064
0 0.916 0.942 0.032 0.032
0 0.534 0.092 0.048 0.048
0 0.326 0.252 0.032 0.032
0 0.404 0.33 0.048 0.048
0 0.59 0.736 0.032 0.032
0 0.826 0.724 0.064 0.064
0 0.836 0.382 0.032 0.032
0 0.364 0.568 0.048 0.048
0 0.344 0.058 0.064 0.064
0 0.096 0.39 0.064 0.064
0 0.694 0.026 0.032 0.032
0 0.634 0.798 0.064 0.064
0 0.822 0.464 0.032 0.032
0 0.128 0.264 0.064 0.064
0 0.656 0.386 0.032 0.032
0 0.46 0.848 0.048 0.048
0 0.558 0.656 0.048 0.048
0 0.194 0.064 0.064 0.064
0 0.248 0.412 0.048 0.048
0 0.798 0.176 0.032 0.032
0 0.748 0.71 0.064 0.064
0 0.582 0.036 0.048 0.048
0 0.768 0.848 0.048 0.048
0 0.876 0.886 0.06 0.06
0 0.904 0.4 0.064 0.064
0 0.32 0.444 0.048 0.048
0 0.698 0.95 0.048 0.048
0 0.546 0.552 0.048 0.048
0 0.326 0.188 0.064 0.064
0 0.612 0.53 0.064 0.064
0 0.966 0.65 0.064 0.064
0 0.054 0.486 0.064 0.064
0 0.412 0.176 0.048 0.048
0 0.142 0.68 0.064 0.064
0 0.048 0.06 0.064 0.064
0 0.726 0.524 0.032 0.032
0 0.164 0.338 0.064 0.064
0 0.466 0.256 0.032 0.032
0 0.184 0.148 0.064 0.064
0 0.17 0.46 0.048 0.048
0 0.418 0.124 0.032 0.032
0 0.96 0.93 0.048 0.048
0 0.648 0.054 0.048 0.048
0 0.588 0.172 0.032 0.032
0 0.278 0.904 0.032 0.032
0 0.828 0.62 0.032 0.032
0 0.874 0.512 0.064 0.064
0 0.286 0.068 0.032 0.032
0 0.456 0.796 0.032 0.032
0 0.259 0.233 0.03 0.03
0 0.416 0.02 0.032 0.032
0 0.65 0.71 0.064 0.064
0 0.206 0.552 0.064 0.064
