0 0.92 0.346 0.064 0.064
0 0.472 0.382 0.048 0.048
0 0.366 0.756 0.048 0.048
0 0.324 0.554 0.048 0.048
0 0.572 0.258 0.032 0.032
0 0.578 0.426 0.048 0.048
0 0.348 0.236 0.048 0.048
0 0.946 0.884 0.032 0.032
0 0.176 0.586 0.064 0.064
0 0.846 0.304 0.06 0.06
0 0.268 0.48 0.064 0.064
0 0.14 0.178 0.032 0.032
0 0.132 0.466 0.064 0.064
0 0.888 0.514 0.048 0.048
0 0.28 0.54 0.032 0.032
0 0.068 0.204 0.064 0.064
0 0.716 0.242 0.048 0.048
0 0.068 0.876 0.032 0.032
0 0.074 0.402 0.032 0.032
0 0.14 0.752 0.048 0.048
0 0.232 0.084 0.032 0.032
0 0.336 0.678 0.032 0.032
0 0.418 0.45 0.064 0.064
0 0.61 0.332 0.032 0.032
0 0.31 0.328 0.048 0.048
0 0.22 0.652 0.024 0.024
0 0.964 0.758 0.048 0.048
0 0.454 0.924 0.064 0.064
0 0.072 0.064 0.032 0.032
0 0.624 0.858 0.064 0.064
0 0.532 0.038 0.064 0.064
0 0.14 0.82 0.064 0.064
0 0.84 0.1 0.048 0.048
0 0.036 0.972 0.048 0.048
0 0.618 0.24 0.032 0.032
0 0.45 0.516 0.032 0.032
0 0.078 0.552 0.048 0.048
0 0.148 0.668 0.032 0.032
0 0.742 0.4 0.048 0.048
0 0.526 0.926 0.032 0.032
0 0.35 0.87 0.064 0.064
0 0.258 0.754 0.064 0.064
0 0.136 0.946 0.048 0.048
0 0.344 0.486 0.048 0.048
0 0.872 0.76 0.032 0.032
0 0.058 0.668 0.064 0.064
0 0.466 0.058 0.032 0.032
0 0.41 0.324 0.064 0.064
0 0.644 0.41 0.064 0.064
0 0.89 0.582 0.048 0.048
0 0.194 0.526 0.048 0.048
0 0.862 0.802 0.032 0.032
0 0.896 0.184 0.064 0.064
0 0.514 0.136 0.064 0.064
0 0.472 0.19 0.032 0.032
0 0.452 0.674 0.048 0.048
0 0.258 0.95 0.064 0.064
0 0.552 0.964 0.032 0.032
0 0.634 0.478 0.048 0.032
0 0.944 0.484 0.032 0.032
0 0.218 0.308 0.032 0.032
0 0.634 0.682 0.064 0.064
0 0.89 0.442 0.032 0.032
0 0.908 0.8 0.032 0.032
0 0.272 0.64 0.064 0.064
0 0.86 0.034 0.064 0.064
0 0.695 0.065 0.042 0.042
0 0.9 0.91 0.048 0.048
0 0.708 0.526 0.032 0.032
0 0.132 0.11 0.048 0.048
0 0.344 0.436 0.032 0.032
0 0.662 0.158 0.064 0.064
0 0.182 0.382 0.064 0.064
0 0.518 0.72 0.032 0.032
0 0.844 0.448 0.032 0.032
0 0.782 0.546 0.064 0.064
0 0.732 0.818 0.064 0.064
0 0.348 0.944 0.032 0.032
0 0.764 0.044 0.048 0.048
0 0.535 0.783 0.042 0.042
