0 0.972 0.806 0.032 0.032
0 0.336 0.156 0.032 0.032
0 0.424 0.162 0.032 0.032
0 0.204 0.614 0.064 0.064
0 0.056 0.29 0.064 0.064
0 0.884 0.928 0.048 0.048
0 0.96 0.24 0.048 0.048
0 0.576 0.43 0.064 0.064
0 0.214 0.068 0.064 0.064
0 0.698 0.124 0.064 0.064
0 0.824 0.764 0.064 0.064
0 0.122 0.142 0.064 0.064
0 0.334 0.836 0.032 0.032
0 0.078 0.966 0.032 0.032
0 0.888 0.06 0.064 0.064
0 0.432 0.556 0.064 0.064
0 0.23 0.474 0.032 0.032
0 0.826 0.844 0.064 0.064
0 0.238 0.424 0.048 0.048
0 0.23 0.698 0.032 0.032
0 0.924 0.42 0.064 0.064
0 0.172 0.488 0.064 0.064
0 0.568 0.538 0.048 0.048
0 0.94 0.524 0.048 0.048
0 0.834 0.136 0.044 0.044
0 0.388 0.118 0.032 0.032
0 0.33 0.197 0.04 0.038
0 0.024 0.862 0.032 0.032
0 0.978 0.598 0.032 0.032
0 0.788 0.172 0.032 0.032
0 0.496 0.072 0.032 0.032
0 0.894 0.524 0.032 0.032
0 0.472 0.282 0.02 0.02
0 0.81 0.582 0.032 0.032
0 0.816 0.254 0.064 0.064
0 0.31 0.522 0.048 0.048
0 0.634 0.562 0.048 0.048
0 0.07 0.468 0.048 0.048
0 0.754 0.056 0.064 0.064
0 0.148 0.918 0.048 0.048
0 0.794 0.704 0.032 0.032
0 0.648 0.506 0.032 0.032
0 0.066 0.37 0.064 0.064
0 0.534 0.078 0.032 0.032
0 0.524 0.946 0.032 0.032
0 0.42 0.612 0.032 0.032
0 0.018 0.692 0.032 0.032
0 0.74 0.816 0.048 0.048
0 0.086 0.218 0.064 0.064
0 0.954 0.642 0.048 0.048
0 0.104 0.694 0.032 0.032
0 0.676 0.91 0.032 0.032
0 0.352 0.238 0.032 0.032
0 0.186 0.342 0.048 0.048
0 0.264 0.88 0.032 0.032
0 0.39 0.29 0.064 0.064
0 0.878 0.196 0.032 0.032
0 0.794 0.448 0.032 0.032
0 0.422 0.922 0.032 0.032
0 0.686 0.31 0.032 0.032
0 0.674 0.204 0.064 0.064
0 0.876 0.598 0.064 0.064
0 0.298 0.374 0.032 0.032
0 0.554 0.274 0.064 0.064
0 0.326 0.898 0.064 0.064
0 0.864 0.454 0.032 0.032
0 0.792 0.956 0.048 0.048
0 0.686 0.686 0.064 0.064
0 0.404 0.818 0.032 0.032
0 0.384 0.718 0.064 0.064
0 0.942 0.572 0.032 0.032
0 0.96 0.094 0.064 0.064
0 0.48 0.344 0.048 0.048
0 0.474 0.486 0.064 0.064
0 0.25 0.28 0.048 0.048
0 0.852 0.394 0.032 0.032
0 0.89 0.256 0.064 0.064
0 0.566 0.18 0.048 0.048
