0 0.176 0.862 0.032 0.032
0 0.498 0.058 0.032 0.032
0 0.162 0.61 0.032 0.032
0 0.782 0.802 0.032 0.032
0 0.876 0.462 0.064 0.064
0 0.72 0.84 0.064 0.064
0 0.386 0.524 0.032 0.032
0 0.646 0.73 0.064 0.064
0 0.431 0.127 0.03 0.03
0 0.434 0.708 0.032 0.032
0 0.638 0.856 0.032 0.032
0 0.134 0.302 0.048 0.048
0 0.29 0.758 0.048 0.048
0 0.032 0.968 0.032 0.032
0 0.224 0.798 0.064 0.064
0 0.664 0.568 0.048 0.048
0 0.74 0.056 0.064 0.064
0 0.964 0.124 0.048 0.048
0 0.466 0.234 0.064 0.064
0 0.28 0.064 0.032 0.032
0 0.766 0.604 0.048 0.048
0 0.122 0.382 0.064 0.064
