0 0.528 0.092 0.032 0.032
0 0.728 0.912 0.048 0.048
0 0.314 0.086 0.064 0.064
0 0.602 0.22 0.048 0.048
0 0.402 0.638 0.048 0.048
0 0.752 0.136 0.048 0.048
0 0.302 0.252 0.032 0.032
0 0.72 0.296 0.032 0.032
0 0.618 0.088 0.032 0.032
0 0.468 0.782 0.064 0.064
0 0.61 0.336 0.032 0.032
0 0.618 0.96 0.032 0.032
0 0.294 0.586 0.032 0.032
0 0.492 0.662 0.064 0.064
0 0.864 0.242 0.048 0.048
0 0.714 0.98 0.032 0.032
0 0.84 0.778 0.064 0.064
0 0.066 0.844 0.064 0.064
0 0.182 0.314 0.032 0.032
0 0.414 0.082 0.032 0.032
0 0.46 0.514 0.064 0.064
0 0.272 0.972 0.048 0.048
0 0.658 0.492 0.064 0.064
0 0.902 0.458 0.064 0.064
0 0.678 0.202 0.032 0.032
0 0.604 0.138 0.032 0.032
0 0.802 0.596 0.032 0.032
0 0.358 0.442 0.032 0.032
0 0.666 0.77 0.064 0.064
0 0.816 0.45 0.048 0.048
0 0.408 0.682 0.032 0.032
0 0.694 0.698 0.048 0.048
0 0.974 0.54 0.032 0.032
0 0.838 0.902 0.032 0.032
0 0.034 0.616 0.048 0.048
0 0.302 0.698 0.048 0.048
0 0.058 0.172 0.036 0.036
0 0.94 0.382 0.032 0.032
0 0.384 0.74 0.064 0.064
0 0.692 0.614 0.064 0.064
0 0.37 0.532 0.048 0.048
0 0.64 0.694 0.032 0.032
0 0.304 0.522 0.048 0.048
0 0.084 0.65 0.032 0.032
0 0.318 0.4 0.032 0.032
0 0.496 0.882 0.064 0.064
0 0.086 0.736 0.048 0.048
0 0.328 0.196 0.032 0.032
0 0.019 0.725 0.022 0.022
0 0.954 0.604 0.064 0.064
0 0.794 0.346 0.064 0.064
0 0.934 0.882 0.032 0.032
0 0.202 0.672 0.064 0.064
0 0.592 0.444 0.048 0.048
0 0.246 0.08 0.048 0.048
0 0.662 0.038 0.032 0.032
0 0.742 0.456 0.064 0.064
0 0.436 0.126 0.032 0.032
0 0.61 0.748 0.032 0.032
0 0.764 0.676 0.048 0.048
0 0.96 0.056 0.048 0.048
0 0.842 0.054 0.032 0.032
0 0.328 0.31 0.064 0.064
0 0.03 0.306 0.032 0.032
0 0.478 0.326 0.064 0.064
0 0.664 0.376 0.064 0.064
0 0.14 0.808 0.048 0.048
0 0.346 0.81 0.048 0.048
0 0.21 0.966 0.048 0.048
0 0.068 0.938 0.032 0.032
0 0.2 0.554 0.032 0.032
0 0.86 0.956 0.064 0.064
0 0.966 0.32 0.048 0.048
0 0.112 0.5 0.048 0.048
0 0.45 0.728 0.032 0.032
0 0.618 0.562 0.032 0.032
0 0.048 0.028 0.032 0.032
0 0.54 0.5 0.048 0.048
0 0.256 0.022 0.032 0.032
0 0.49 0.142 0.032 0.032
