0 0.804 0.442 0.032 0.032
0 0.084 0.852 0.048 0.048
0 0.946 0.692 0.032 0.032
0 0.554 0.39 0.032 0.032
0 0.254 0.754 0.064 0.064
0 0.564 0.504 0.064 0.064
0 0.272 0.07 0.064 0.064
0 0.878 0.82 0.048 0.048
0 0.688 0.528 0.032 0.032
0 0.17 0.428 0.032 0.032
0 0.328 0.958 0.048 0.048
0 0.958 0.614 0.048 0.048
0 0.916 0.186 0.032 0.032
0 0.848 0.514 0.064 0.064
0 0.302 0.42 0.032 0.032
0 0.318 0.19 0.048 0.048
0 0.112 0.766 0.048 0.048
0 0.8 0.676 0.032 0.032
0 0.88 0.336 0.048 0.048
0 0.028 0.326 0.032 0.032
0 0.778 0.242 0.064 0.064
0 0.808 0.15 0.064 0.064
0 0.724 0.946 0.032 0.032
0 0.958 0.064 0.032 0.032
0 0.688 0.674 0.064 0.064
0 0.83 0.61 0.064 0.064
0 0.178 0.652 0.032 0.032
0 0.852 0.964 0.048 0.048
0 0.95 0.902 0.032 0.032
0 0.272 0.28 0.048 0.048
0 0.69 0.752 0.064 0.064
0 0.542 0.694 0.064 0.064
0 0.162 0.908 0.032 0.032
0 0.956 0.262 0.064 0.064
0 0.48 0.37 0.064 0.064
0 0.682 0.826 0.048 0.048
0 0.76 0.836 0.032 0.032
0 0.29 0.676 0.032 0.032
0 0.662 0.346 0.032 0.032
0 0.504 0.106 0.048 0.048
0 0.396 0.146 0.064 0.064
0 0.64 0.91 0.032 0.032
0 0.396 0.38 0.032 0.032
0 0.91 0.966 0.048 0.048
0 0.266 0.848 0.064 0.064
0 0.886 0.12 0.064 0.064
0 0.76 0.436 0.032 0.032
0 0.962 0.518 0.032 0.032
0 0.638 0.734 0.032 0.032
0 0.574 0.308 0.064 0.064
0 0.208 0.336 0.032 0.032
0 0.238 0.436 0.048 0.048
0 0.082 0.514 0.032 0.032
0 0.148 0.35 0.032 0.032
0 0.066 0.094 0.064 0.064
0 0.114 0.712 0.032 0.032
0 0.398 0.422 0.032 0.032
0 0.572 0.972 0.048 0.048
0 0.668 0.226 0.032 0.032
0 0.758 0.56 0.064 0.064
0 0.404 0.22 0.064 0.064
0 0.682 0.896 0.032 0.032
0 0.672 0.586 0.032 0.032
