0 0.528 0.456 0.048 0.048
0 0.588 0.198 0.032 0.032
0 0.342 0.82 0.032 0.032
0 0.78 0.89 0.048 0.048
0 0.636 0.444 0.032 0.032
0 0.956 0.93 0.064 0.064
0 0.876 0.14 0.032 0.032
0 0.528 0.866 0.032 0.032
0 0.612 0.31 0.032 0.032
0 0.384 0.53 0.064 0.064
0 0.464 0.166 0.032 0.032
0 0.64 0.568 0.064 0.064
0 0.15 0.124 0.032 0.032
0 0.856 0.834 0.032 0.032
0 0.17 0.208 0.064 0.064
0 0.82 0.25 0.048 0.048
0 0.038 0.042 0.032 0.032
0 0.294 0.088 0.064 0.064
0 0.268 0.502 0.032 0.032
0 0.704 0.676 0.032 0.032
0 0.742 0.758 0.032 0.032
0 0.144 0.428 0.064 0.064
0 0.308 0.18 0.064 0.064
0 0.082 0.44 0.032 0.032
0 0.216 0.456 0.048 0.048
0 0.884 0.66 0.064 0.064
0 0.606 0.15 0.048 0.048
0 0.168 0.276 0.032 0.032
0 0.408 0.4 0.048 0.048
0 0.498 0.678 0.048 0.048
0 0.91 0.044 0.064 0.064
0 0.236 0.022 0.032 0.032
0 0.41 0.956 0.064 0.064
0 0.078 0.936 0.064 0.064
0 0.812 0.496 0.064 0.064
0 0.806 0.064 0.048 0.048
0 0.064 0.282 0.048 0.048
0 0.708 0.472 0.032 0.032
0 0.778 0.676 0.048 0.048
0 0.072 0.566 0.032 0.032
0 0.952 0.502 0.032 0.032
0 0.506 0.366 0.064 0.064
0 0.814 0.972 0.032 0.032
0 0.842 0.744 0.032 0.032
0 0.194 0.914 0.064 0.064
0 0.266 0.56 0.064 0.064
0 0.212 0.346 0.032 0.032
0 0.788 0.828 0.064 0.064
0 0.644 0.65 0.064 0.064
0 0.748 0.064 0.048 0.048
0 0.672 0.498 0.032 0.032
0 0.758 0.33 0.048 0.048
0 0.806 0.62 0.032 0.032
0 0.78 0.426 0.048 0.048
0 0.574 0.946 0.048 0.048
0 0.714 0.25 0.064 0.064
0 0.307 0.915 0.03 0.03
0 0.516 0.064 0.032 0.032
0 0.138 0.648 0.064 0.064
0 0.568 0.614 0.032 0.032
0 0.454 0.77 0.064 0.064
0 0.028 0.12 0.048 0.048
0 0.05 0.828 0.048 0.048
0 0.042 0.346 0.048 0.048
0 0.156 0.812 0.064 0.064
0 0.726 0.158 0.048 0.048
0 0.128 0.518 0.032 0.032
0 0.896 0.322 0.032 0.032
0 0.928 0.24 0.032 0.032
0 0.662 0.198 0.032 0.032
0 0.602 0.892 0.048 0.048
0 0.35 0.082 0.032 0.032
0 0.934 0.594 0.048 0.048
0 0.39 0.03 0.032 0.032
0 0.152 0.064 0.032 0.032
