0 0.724 0.214 0.048 0.032
0 0.102 0.538 0.032 0.032
0 0.59 0.574 0.064 0.064
0 0.53 0.218 0.032 0.032
0 0.868 0.076 0.032 0.032
0 0.168 0.71 0.064 0.064
0 0.602 0.474 0.048 0.048
0 0.044 0.166 0.064 0.064
0 0.452 0.204 0.036 0.036
0 0.95 0.52 0.048 0.048
0 0.674 0.402 0.048 0.048
0 0.264 0.856 0.048 0.048
0 0.058 0.97 0.048 0.048
0 0.338 0.214 0.064 0.064
0 0.692 0.294 0.032 0.032
0 0.454 0.084 0.048 0.048
0 0.748 0.34 0.064 0.064
0 0.746 0.578 0.048 0.048
0 0.95 0.816 0.064 0.064
0 0.726 0.642 0.032 0.032
0 0.586 0.876 0.048 0.048
0 0.498 0.502 0.064 0.064
0 0.52 0.838 0.064 0.064
0 0.926 0.452 0.064 0.064
0 0.176 0.782 0.032 0.032
0 0.712 0.788 0.032 0.032
0 0.242 0.624 0.032 0.032
0 0.216 0.958 0.064 0.064
0 0.454 0.312 0.064 0.064
0 0.072 0.452 0.064 0.064
0 0.948 0.946 0.032 0.032
0 0.814 0.23 0.032 0.032
0 0.44 0.436 0.048 0.048
0 0.798 0.616 0.032 0.032
0 0.87 0.302 0.064 0.064
0 0.368 0.558 0.064 0.064
0 0.306 0.522 0.032 0.032
0 0.636 0.858 0.032 0.032
0 0.116 0.048 0.048 0.048
0 0.862 0.402 0.032 0.032
0 0.698 0.922 0.064 0.064
0 0.838 0.554 0.032 0.032
0 0.956 0.262 0.048 0.048
0 0.038 0.854 0.048 0.048
0 0.962 0.618 0.036 0.036
0 0.434 0.564 0.032 0.032
0 0.964 0.682 0.048 0.048
0 0.348 0.346 0.048 0.048
0 0.576 0.7 0.032 0.032
0 0.898 0.028 0.048 0.048
0 0.264 0.214 0.064 0.064
0 0.392 0.928 0.048 0.048
0 0.21 0.086 0.048 0.048
0 0.516 0.076 0.048 0.048
0 0.564 0.33 0.036 0.036
0 0.59 0.17 0.064 0.064
0 0.867 0.512 0.034 0.032
0 0.912 0.694 0.032 0.032
0 0.368 0.686 0.064 0.064
0 0.582 0.068 0.032 0.032
0 0.286 0.478 0.048 0.048
0 0.36 0.466 0.044 0.044
0 0.85 0.82 0.064 0.064
