0 0.682 0.508 0.048 0.048
0 0.35 0.058 0.048 0.048
0 0.692 0.818 0.064 0.064
0 0.816 0.736 0.048 0.048
0 0.328 0.63 0.064 0.064
0 0.916 0.124 0.032 0.032
0 0.147 0.975 0.03 0.03
0 0.102 0.866 0.064 0.064
0 0.83 0.834 0.048 0.048
0 0.46 0.666 0.048 0.048
0 0.048 0.292 0.064 0.064
0 0.906 0.518 0.032 0.032
0 0.27 0.512 0.024 0.024
0 0.736 0.612 0.048 0.048
0 0.376 0.44 0.064 0.064
0 0.214 0.554 0.048 0.048
0 0.316 0.26 0.064 0.064
0 0.49 0.8 0.032 0.032
0 0.69 0.432 0.064 0.064
0 0.946 0.252 0.048 0.048
0 0.506 0.444 0.032 0.032
0 0.158 0.348 0.064 0.064
0 0.254 0.416 0.048 0.048
0 0.12 0.414 0.048 0.048
0 0.834 0.386 0.064 0.064
0 0.164 0.44 0.032 0.032
0 0.194 0.22 0.032 0.032
0 0.332 0.15 0.064 0.064
0 0.414 0.526 0.048 0.048
0 0.59 0.412 0.032 0.032
0 0.742 0.08 0.048 0.048
0 0.385 0.327 0.03 0.03
0 0.854 0.03 0.032 0.032
0 0.914 0.952 0.064 0.064
0 0.032 0.962 0.048 0.048
0 0.268 0.076 0.048 0.048
0 0.526 0.6 0.048 0.048
0 0.122 0.232 0.064 0.064
0 0.276 0.974 0.048 0.048
0 0.052 0.156 0.064 0.064
0 0.196 0.968 0.032 0.032
0 0.798 0.52 0.048 0.048
0 0.454 0.052 0.064 0.064
0 0.106 0.588 0.032 0.032
0 0.072 0.642 0.048 0.048
0 0.896 0.796 0.064 0.064
0 0.674 0.348 0.064 0.064
0 0.586 0.816 0.048 0.048
0 0.572 0.34 0.064 0.064
0 0.724 0.672 0.064 0.064
0 0.63 0.554 0.048 0.048
0 0.244 0.758 0.032 0.032
0 0.522 0.064 0.064 0.064
0 0.18 0.402 0.032 0.032
0 0.752 0.156 0.064 0.064
0 0.102 0.752 0.032 0.032
0 0.62 0.76 0.032 0.032
0 0.91 0.482 0.032 0.032
0 0.552 0.664 0.032 0.032
0 0.732 0.256 0.064 0.064
0 0.268 0.898 0.048 0.048
0 0.114 0.922 0.032 0.032
0 0.566 0.148 0.064 0.064
0 0.034 0.464 0.064 0.064
0 0.208 0.084 0.032 0.032
0 0.956 0.38 0.032 0.032
0 0.4 0.614 0.048 0.048
0 0.884 0.248 0.048 0.048
