0 0.13 0.65 0.064 0.064
0 0.184 0.72 0.064 0.064
0 0.142 0.422 0.032 0.032
0 0.26 0.082 0.048 0.048
0 0.024 0.062 0.032 0.032
0 0.254 0.182 0.032 0.032
0 0.674 0.414 0.064 0.064
0 0.808 0.084 0.048 0.048
0 0.624 0.25 0.064 0.064
0 0.496 0.94 0.032 0.032
0 0.416 0.37 0.064 0.064
0 0.304 0.614 0.048 0.048
0 0.054 0.546 0.048 0.048
0 0.442 0.808 0.036 0.036
0 0.778 0.296 0.064 0.064
0 0.364 0.862 0.064 0.064
0 0.178 0.194 0.048 0.048
0 0.482 0.452 0.032 0.032
0 0.808 0.822 0.048 0.048
0 0.358 0.758 0.064 0.064
0 0.49 0.548 0.048 0.048
0 0.4 0.064 0.064 0.064
