0 0.39 0.236 0.032 0.032
0 0.898 0.956 0.048 0.048
0 0.326 0.096 0.064 0.064
0 0.858 0.146 0.064 0.064
0 0.32 0.938 0.048 0.048
0 0.336 0.638 0.064 0.064
0 0.224 0.136 0.064 0.064
0 0.156 0.908 0.032 0.032
0 0.406 0.51 0.048 0.048
0 0.688 0.77 0.064 0.064
0 0.238 0.556 0.032 0.032
0 0.492 0.186 0.064 0.064
0 0.475 0.641 0.03 0.03
0 0.542 0.938 0.048 0.048
0 0.608 0.124 0.064 0.064
0 0.906 0.232 0.064 0.064
0 0.76 0.172 0.048 0.048
0 0.45 0.862 0.032 0.032
0 0.752 0.602 0.048 0.048
0 0.505 0.437 0.042 0.042
0 0.194 0.954 0.032 0.032
0 0.382 0.18 0.064 0.064
0 0.806 0.474 0.048 0.048
0 0.18 0.072 0.048 0.048
0 0.838 0.594 0.048 0.048
0 0.614 0.644 0.048 0.048
0 0.685 0.61 0.034 0.032
0 0.354 0.864 0.032 0.032
0 0.234 0.706 0.048 0.048
0 0.62 0.896 0.064 0.064
0 0.886 0.826 0.048 0.048
0 0.136 0.282 0.032 0.032
0 0.84 0.03 0.032 0.032
0 0.094 0.404 0.064 0.064
0 0.322 0.478 0.064 0.064
0 0.544 0.708 0.048 0.048
0 0.702 0.244 0.064 0.064
0 0.414 0.602 0.064 0.064
0 0.93 0.458 0.064 0.064
0 0.938 0.048 0.048 0.048
0 0.35 0.578 0.048 0.048
0 0.076 0.562 0.032 0.032
0 0.154 0.752 0.064 0.064
0 0.11 0.336 0.064 0.064
0 0.396 0.942 0.048 0.048
0 0.532 0.822 0.032 0.032
0 0.262 0.436 0.048 0.048
0 0.054 0.15 0.048 0.048
