0 0.42 0.064 0.048 0.048
0 0.26 0.688 0.048 0.048
0 0.946 0.554 0.048 0.048
0 0.358 0.76 0.044 0.044
0 0.822 0.444 0.048 0.048
0 0.136 0.7 0.064 0.064
0 0.88 0.668 0.032 0.032
0 0.494 0.526 0.048 0.048
0 0.26 0.886 0.032 0.032
0 0.552 0.244 0.032 0.032
0 0.194 0.696 0.032 0.032
0 0.31 0.154 0.032 0.032
0 0.096 0.302 0.032 0.032
0 0.502 0.404 0.048 0.048
0 0.858 0.094 0.048 0.048
0 0.736 0.558 0.064 0.064
0 0.134 0.904 0.032 0.032
0 0.51 0.742 0.032 0.032
0 0.646 0.292 0.048 0.048
0 0.77 0.404 0.048 0.048
0 0.596 0.744 0.032 0.032
0 0.264 0.606 0.064 0.064
0 0.786 0.706 0.032 0.032
0 0.482 0.274 0.032 0.032
0 0.734 0.104 0.064 0.064
0 0.038 0.778 0.032 0.032
0 0.8 0.946 0.048 0.048
0 0.034 0.658 0.064 0.064
0 0.912 0.32 0.064 0.064
0 0.35 0.098 0.064 0.064
0 0.032 0.448 0.048 0.048
0 0.956 0.116 0.064 0.064
0 0.459 0.716 0.034 0.032
0 0.422 0.498 0.048 0.048
0 0.194 0.512 0.032 0.032
0 0.318 0.32 0.032 0.032
0 0.66 0.738 0.064 0.064
0 0.102 0.062 0.032 0.032
0 0.632 0.834 0.032 0.032
0 0.834 0.332 0.048 0.048
0 0.718 0.98 0.032 0.032
0 0.21 0.316 0.048 0.048
0 0.482 0.134 0.032 0.032
0 0.282 0.088 0.064 0.064
0 0.486 0.842 0.064 0.064
0 0.384 0.342 0.064 0.064
0 0.722 0.47 0.048 0.048
0 0.102 0.372 0.064 0.064
0 0.722 0.62 0.048 0.048
0 0.252 0.248 0.064 0.064
0 0.34 0.568 0.032 0.032
0 0.442 0.434 0.064 0.064
0 0.96 0.45 0.032 0.032
0 0.56 0.392 0.032 0.032
0 0.652 0.59 0.064 0.064
0 0.82 0.75 0.048 0.048
0 0.87 0.208 0.064 0.064
0 0.892 0.724 0.032 0.032
0 0.268 0.154 0.032 0.032
0 0.98 0.874 0.032 0.032
0 0.078 0.908 0.048 0.048
0 0.93 0.944 0.064 0.064
0 0.942 0.792 0.064 0.064
0 0.772 0.342 0.048 0.048
0 0.182 0.588 0.032 0.032
0 0.644 0.238 0.048 0.048
0 0.046 0.196 0.032 0.032
0 0.322 0.476 0.064 0.064
0 0.634 0.11 0.064 0.064
0 0.95 0.242 0.032 0.032
0 0.152 0.31 0.032 0.032
0 0.238 0.768 0.064 0.064
0 0.107 0.429 0.022 0.022
0 0.304 0.828 0.048 0.048
0 0.078 0.762 0.032 0.032
0 0.31 0.894 0.032 0.032
0 0.882 0.874 0.032 0.032
0 0.558 0.178 0.048 0.048
0 0.358 0.966 0.064 0.064
0 0.368 0.85 0.064 0.064
0 0.166 0.018 0.032 0.032
0 0.346 0.672 0.032 0.032
0 0.558 0.662 0.032 0.032
