0 0.162 0.718 0.064 0.064
0 0.654 0.814 0.032 0.032
0 0.618 0.556 0.032 0.032
0 0.748 0.694 0.032 0.032
0 0.452 0.946 0.064 0.064
0 0.174 0.798 0.032 0.032
0 0.79 0.482 0.048 0.048
0 0.128 0.522 0.048 0.048
0 0.094 0.202 0.048 0.048
0 0.392 0.312 0.048 0.048
0 0.602 0.454 0.064 0.064
0 0.87 0.14 0.036 0.036
0 0.844 0.652 0.064 0.064
0 0.43 0.656 0.032 0.032
0 0.454 0.156 0.032 0.032
0 0.914 0.47 0.032 0.032
0 0.374 0.972 0.032 0.032
0 0.25 0.258 0.032 0.032
0 0.552 0.276 0.048 0.048
0 0.46 0.758 0.048 0.048
0 0.238 0.542 0.032 0.032
0 0.202 0.038 0.064 0.064
0 0.598 0.626 0.048 0.048
0 0.982 0.222 0.032 0.032
0 0.4 0.49 0.032 0.032
0 0.928 0.342 0.064 0.064
0 0.912 0.41 0.032 0.032
0 0.604 0.036 0.032 0.032
0 0.066 0.872 0.064 0.064
0 0.52 0.916 0.032 0.032
0 0.618 0.296 0.064 0.064
0 0.764 0.898 0.032 0.032
0 0.218 0.352 0.048 0.048
0 0.846 0.822 0.064 0.064
0 0.518 0.186 0.032 0.032
0 0.294 0.708 0.032 0.032
0 0.716 0.504 0.064 0.064
0 0.29 0.334 0.064 0.064
0 0.322 0.798 0.064 0.064
