0 0.654 0.846 0.048 0.048
0 0.18 0.258 0.032 0.032
0 0.708 0.372 0.064 0.064
0 0.824 0.514 0.048 0.048
0 0.296 0.966 0.032 0.032
0 0.129 0.037 0.03 0.03
0 0.542 0.716 0.048 0.048
0 0.078 0.888 0.048 0.048
0 0.078 0.61 0.048 0.048
0 0.116 0.196 0.048 0.048
0 0.05 0.15 0.048 0.048
0 0.266 0.384 0.064 0.064
0 0.766 0.67 0.032 0.032
0 0.76 0.52 0.064 0.064
0 0.092 0.252 0.048 0.048
0 0.444 0.168 0.064 0.064
0 0.606 0.704 0.048 0.048
0 0.6 0.03 0.032 0.032
0 0.216 0.026 0.032 0.032
0 0.358 0.828 0.064 0.064
0 0.36 0.742 0.064 0.064
0 0.616 0.326 0.064 0.064
0 0.434 0.938 0.064 0.064
0 0.756 0.93 0.032 0.032
0 0.274 0.916 0.032 0.032
0 0.544 0.056 0.032 0.032
0 0.118 0.826 0.064 0.064
0 0.96 0.676 0.032 0.032
0 0.486 0.65 0.032 0.032
0 0.65 0.168 0.032 0.032
0 0.458 0.788 0.064 0.064
0 0.75 0.576 0.032 0.032
0 0.862 0.882 0.064 0.064
0 0.736 0.774 0.064 0.064
0 0.568 0.242 0.064 0.064
0 0.499 0.927 0.022 0.022
0 0.2 0.202 0.032 0.032
0 0.304 0.064 0.064 0.064
0 0.488 0.334 0.048 0.048
0 0.278 0.67 0.064 0.064
0 0.104 0.966 0.032 0.032
0 0.426 0.294 0.032 0.032
0 0.584 0.77 0.032 0.032
0 0.276 0.196 0.048 0.048
0 0.964 0.348 0.048 0.048
0 0.372 0.508 0.064 0.064
0 0.932 0.874 0.048 0.048
0 0.64 0.474 0.048 0.048
0 0.89 0.34 0.032 0.032
0 0.888 0.746 0.048 0.048
0 0.266 0.53 0.032 0.032
0 0.606 0.16 0.048 0.048
0 0.226 0.766 0.064 0.064
0 0.63 0.592 0.032 0.032
