0 0.072 0.75 0.048 0.048
0 0.27 0.272 0.064 0.064
0 0.612 0.396 0.032 0.032
0 0.882 0.384 0.064 0.064
0 0.136 0.188 0.064 0.064
0 0.894 0.88 0.032 0.032
0 0.354 0.434 0.032 0.032
0 0.182 0.04 0.048 0.048
0 0.178 0.372 0.048 0.048
0 0.042 0.248 0.064 0.064
0 0.25 0.77 0.064 0.064
0 0.332 0.734 0.064 0.064
0 0.218 0.62 0.064 0.064
0 0.518 0.138 0.032 0.032
0 0.35 0.122 0.032 0.032
0 0.558 0.506 0.064 0.064
0 0.3 0.06 0.048 0.048
0 0.87 0.778 0.048 0.048
0 0.418 0.44 0.064 0.064
0 0.046 0.132 0.048 0.048
0 0.312 0.376 0.064 0.064
0 0.312 0.54 0.032 0.032
0 0.55 0.278 0.048 0.048
0 0.472 0.112 0.032 0.032
0 0.79 0.48 0.032 0.032
0 0.364 0.048 0.048 0.048
0 0.266 0.522 0.032 0.032
0 0.078 0.666 0.032 0.032
0 0.84 0.898 0.064 0.064
0 0.652 0.582 0.048 0.048
0 0.694 0.438 0.048 0.048
0 0.93 0.722 0.048 0.048
0 0.458 0.822 0.048 0.048
0 0.508 0.794 0.032 0.032
0 0.366 0.234 0.064 0.064
0 0.558 0.884 0.048 0.048
0 0.458 0.534 0.048 0.048
0 0.59 0.828 0.032 0.032
0 0.262 0.134 0.048 0.048
0 0.148 0.764 0.048 0.048
0 0.934 0.34 0.032 0.032
0 0.176 0.492 0.064 0.064
0 0.456 0.19 0.064 0.064
0 0.588 0.046 0.048 0.048
0 0.406 0.76 0.032 0.032
0 0.646 0.118 0.048 0.048
0 0.952 0.474 0.032 0.032
0 0.148 0.96 0.048 0.048
0 0.074 0.944 0.044 0.02
0 0.23 0.842 0.064 0.064
0 0.744 0.766 0.032 0.032
0 0.748 0.124 0.064 0.064
0 0.578 0.944 0.064 0.064
0 0.428 0.968 0.048 0.048
0 0.088 0.904 0.048 0.048
0 0.744 0.28 0.032 0.032
0 0.282 0.85 0.032 0.032
0 0.256 0.966 0.064 0.064
0 0.918 0.228 0.064 0.064
