0 0.398 0.932 0.032 0.032
0 0.536 0.24 0.032 0.032
0 0.207 0.119 0.03 0.03
0 0.194 0.332 0.032 0.032
0 0.574 0.708 0.064 0.064
0 0.412 0.042 0.048 0.048
0 0.102 0.408 0.048 0.048
0 0.174 0.89 0.064 0.064
0 0.072 0.302 0.064 0.064
0 0.622 0.14 0.032 0.032
0 0.704 0.758 0.048 0.048
0 0.276 0.684 0.064 0.064
0 0.478 0.348 0.064 0.064
0 0.29 0.596 0.048 0.048
0 0.796 0.62 0.032 0.032
0 0.08 0.082 0.064 0.064
0 0.827 0.813 0.03 0.03
0 0.59 0.504 0.048 0.048
0 0.338 0.276 0.032 0.032
0 0.768 0.744 0.048 0.048
0 0.864 0.65 0.064 0.064
0 0.41 0.88 0.064 0.064
0 0.688 0.142 0.064 0.064
0 0.634 0.586 0.028 0.02
0 0.334 0.44 0.048 0.048
0 0.598 0.876 0.064 0.064
0 0.94 0.138 0.032 0.032
0 0.352 0.178 0.064 0.064
0 0.536 0.412 0.048 0.048
0 0.802 0.544 0.064 0.064
0 0.42 0.136 0.048 0.048
0 0.54 0.532 0.032 0.032
0 0.642 0.68 0.048 0.048
0 0.57 0.944 0.064 0.064
0 0.514 0.602 0.064 0.064
0 0.264 0.754 0.048 0.048
0 0.642 0.8 0.064 0.064
0 0.31 0.906 0.044 0.044
0 0.624 0.412 0.048 0.048
0 0.554 0.192 0.048 0.048
0 0.822 0.748 0.048 0.048
0 0.274 0.314 0.064 0.064
0 0.932 0.67 0.064 0.064
0 0.178 0.448 0.032 0.032
0 0.928 0.91 0.064 0.064
0 0.172 0.954 0.032 0.032
0 0.892 0.73 0.032 0.032
0 0.89 0.434 0.064 0.064
0 0.964 0.552 0.064 0.064
0 0.298 0.834 0.032 0.032
0 0.526 0.456 0.032 0.032
0 0.112 0.486 0.032 0.032
0 0.918 0.216 0.048 0.048
0 0.106 0.73 0.064 0.064
0 0.684 0.59 0.064 0.064
0 0.248 0.842 0.048 0.048
0 0.88 0.548 0.064 0.064
0 0.814 0.244 0.048 0.048
0 0.748 0.468 0.064 0.064
0 0.982 0.456 0.032 0.032
0 0.376 0.644 0.064 0.064
0 0.354 0.018 0.032 0.032
0 0.036 0.77 0.032 0.032
0 0.97 0.754 0.048 0.048
0 0.436 0.588 0.032 0.032
0 0.154 0.112 0.048 0.048
0 0.028 0.54 0.048 0.048
0 0.848 0.122 0.064 0.064
0 0.028 0.666 0.032 0.032
0 0.45 0.23 0.032 0.032
0 0.64 0.028 0.048 0.048
0 0.942 0.482 0.032 0.032
0 0.666 0.904 0.064 0.064
0 0.87 0.346 0.064 0.064
0 0.168 0.506 0.032 0.032
0 0.506 0.714 0.032 0.032
0 0.584 0.608 0.032 0.032
0 0.046 0.902 0.064 0.064
0 0.373 0.735 0.03 0.03
