0 0.786 0.944 0.048 0.048
0 0.704 0.892 0.048 0.048
0 0.194 0.164 0.064 0.064
0 0.206 0.844 0.048 0.048
0 0.162 0.566 0.064 0.064
0 0.024 0.558 0.032 0.032
0 0.796 0.53 0.048 0.048
0 0.642 0.204 0.048 0.048
0 0.388 0.298 0.048 0.048
0 0.866 0.026 0.032 0.032
0 0.846 0.964 0.064 0.064
0 0.296 0.872 0.048 0.048
0 0.786 0.404 0.032 0.032
0 0.508 0.936 0.032 0.032
0 0.068 0.118 0.064 0.064
0 0.05 0.89 0.032 0.032
0 0.884 0.306 0.032 0.032
0 0.344 0.788 0.032 0.032
0 0.672 0.788 0.032 0.032
0 0.318 0.676 0.064 0.064
0 0.836 0.454 0.048 0.048
0 0.91 0.186 0.048 0.048
0 0.822 0.344 0.032 0.032
0 0.638 0.738 0.032 0.032
0 0.148 0.322 0.064 0.064
0 0.49 0.762 0.032 0.032
0 0.956 0.912 0.032 0.032
0 0.764 0.794 0.048 0.048
0 0.66 0.268 0.048 0.048
0 0.762 0.296 0.064 0.064
0 0.22 0.27 0.064 0.064
0 0.616 0.702 0.032 0.032
0 0.746 0.224 0.048 0.048
0 0.35 0.414 0.048 0.048
0 0.506 0.128 0.048 0.048
0 0.818 0.234 0.032 0.032
0 0.408 0.84 0.064 0.064
0 0.082 0.56 0.048 0.048
0 0.724 0.558 0.048 0.048
0 0.224 0.564 0.032 0.032
0 0.304 0.358 0.032 0.032
0 0.342 0.08 0.064 0.064
0 0.162 0.746 0.048 0.048
0 0.718 0.418 0.064 0.064
0 0.966 0.758 0.064 0.064
0 0.416 0.342 0.032 0.032
0 0.198 0.896 0.032 0.032
0 0.462 0.644 0.048 0.048
0 0.628 0.146 0.048 0.048
0 0.272 0.53 0.032 0.032
0 0.902 0.41 0.048 0.048
0 0.26 0.09 0.064 0.064
0 0.898 0.508 0.064 0.064
0 0.824 0.864 0.032 0.032
0 0.574 0.414 0.032 0.032
0 0.462 0.228 0.032 0.032
0 0.08 0.398 0.048 0.048
0 0.078 0.964 0.064 0.064
0 0.036 0.25 0.048 0.048
0 0.566 0.368 0.048 0.048
0 0.47 0.906 0.032 0.032
0 0.386 0.578 0.064 0.064
0 0.036 0.478 0.044 0.044
0 0.914 0.118 0.032 0.032
0 0.284 0.278 0.048 0.048
0 0.254 0.458 0.032 0.032
0 0.454 0.502 0.064 0.064
0 0.61 0.808 0.064 0.064
0 0.546 0.802 0.032 0.032
0 0.706 0.506 0.032 0.032
