0 0.094 0.64 0.048 0.048
0 0.294 0.076 0.032 0.032
0 0.35 0.37 0.048 0.048
0 0.338 0.484 0.048 0.048
0 0.87 0.252 0.048 0.048
0 0.108 0.572 0.048 0.048
0 0.086 0.73 0.032 0.032
0 0.524 0.792 0.048 0.048
0 0.454 0.286 0.036 0.036
0 0.176 0.952 0.048 0.048
0 0.356 0.832 0.064 0.064
0 0.722 0.556 0.032 0.032
0 0.588 0.406 0.048 0.048
0 0.792 0.216 0.064 0.064
0 0.856 0.748 0.032 0.032
0 0.6 0.072 0.064 0.064
0 0.178 0.646 0.032 0.032
0 0.552 0.504 0.064 0.064
0 0.538 0.688 0.048 0.048
0 0.552 0.2 0.048 0.048
0 0.624 0.312 0.064 0.064
0 0.638 0.732 0.064 0.064
0 0.64 0.566 0.064 0.064
0 0.632 0.654 0.064 0.064
0 0.308 0.722 0.048 0.048
0 0.128 0.096 0.048 0.048
0 0.406 0.588 0.048 0.048
0 0.244 0.756 0.064 0.064
0 0.14 0.708 0.032 0.032
0 0.518 0.138 0.032 0.032
0 0.126 0.286 0.064 0.064
0 0.216 0.112 0.064 0.064
0 0.822 0.57 0.032 0.032
0 0.446 0.872 0.064 0.064
0 0.946 0.32 0.064 0.064
0 0.224 0.176 0.032 0.032
0 0.088 0.832 0.048 0.048
0 0.142 0.356 0.032 0.032
0 0.292 0.286 0.064 0.064
0 0.452 0.378 0.064 0.064
0 0.444 0.538 0.032 0.032
0 0.404 0.276 0.032 0.032
0 0.394 0.77 0.032 0.032
0 0.23 0.652 0.032 0.032
0 0.876 0.418 0.064 0.064
0 0.71 0.616 0.048 0.048
0 0.804 0.682 0.048 0.048
0 0.962 0.676 0.064 0.064
0 0.772 0.446 0.064 0.064
0 0.358 0.738 0.032 0.032
0 0.46 0.448 0.064 0.064
0 0.7 0.154 0.048 0.048
0 0.266 0.346 0.048 0.048
0 0.62 0.85 0.064 0.064
0 0.944 0.926 0.064 0.064
0 0.878 0.962 0.032 0.032
0 0.49 0.204 0.048 0.048
0 0.758 0.69 0.032 0.032
0 0.842 0.524 0.048 0.048
0 0.792 0.858 0.064 0.064
0 0.304 0.656 0.048 0.048
0 0.192 0.512 0.064 0.064
0 0.38 0.156 0.048 0.048
0 0.034 0.266 0.048 0.048
0 0.258 0.688 0.032 0.032
0 0.364 0.656 0.064 0.064
0 0.38 0.96 0.064 0.064
0 0.746 0.732 0.032 0.032
0 0.07 0.926 0.064 0.064
0 0.688 0.854 0.032 0.032
0 0.158 0.754 0.048 0.048
0 0.728 0.082 0.064 0.064
0 0.068 0.462 0.064 0.064
0 0.214 0.862 0.064 0.064
0 0.786 0.388 0.032 0.032
0 0.79 0.058 0.044 0.044
0 0.93 0.04 0.048 0.048
0 0.684 0.456 0.048 0.048
0 0.76 0.344 0.032 0.032
0 0.462 0.782 0.048 0.048
0 0.684 0.804 0.032 0.032
0 0.16 0.436 0.064 0.064
0 0.86 0.828 0.032 0.032
0 0.16 0.22 0.048 0.048
0 0.942 0.402 0.032 0.032
