0 0.39 0.954 0.064 0.064
0 0.252 0.754 0.064 0.064
0 0.09 0.688 0.064 0.064
0 0.36 0.45 0.048 0.048
0 0.97 0.42 0.048 0.048
0 0.658 0.55 0.064 0.064
0 0.888 0.342 0.032 0.032
0 0.422 0.18 0.064 0.064
0 0.472 0.822 0.064 0.064
0 0.576 0.972 0.032 0.032
0 0.81 0.68 0.048 0.048
0 0.562 0.518 0.032 0.032
0 0.348 0.232 0.048 0.048
0 0.376 0.11 0.064 0.064
0 0.584 0.402 0.048 0.048
0 0.746 0.93 0.064 0.064
0 0.76 0.81 0.048 0.048
0 0.688 0.47 0.064 0.064
0 0.238 0.55 0.048 0.048
0 0.096 0.498 0.048 0.048
0 0.314 0.908 0.032 0.032
0 0.246 0.082 0.032 0.032
0 0.41 0.758 0.048 0.048
0 0.89 0.656 0.032 0.032
0 0.514 0.066 0.032 0.032
0 0.11 0.932 0.048 0.048
0 0.202 0.486 0.048 0.048
0 0.58 0.642 0.032 0.032
0 0.334 0.956 0.032 0.032
0 0.338 0.666 0.048 0.048
0 0.446 0.59 0.048 0.048
0 0.414 0.902 0.032 0.032
0 0.042 0.164 0.032 0.032
0 0.266 0.966 0.048 0.048
0 0.11 0.77 0.048 0.048
0 0.636 0.054 0.048 0.048
0 0.724 0.322 0.064 0.064
0 0.834 0.086 0.064 0.064
0 0.202 0.356 0.032 0.032
0 0.044 0.966 0.048 0.048
0 0.874 0.698 0.032 0.032
0 0.096 0.56 0.048 0.048
0 0.604 0.874 0.032 0.032
0 0.354 0.83 0.064 0.064
0 0.756 0.444 0.064 0.064
0 0.904 0.088 0.064 0.064
0 0.018 0.25 0.032 0.032
0 0.75 0.692 0.032 0.032
0 0.07 0.852 0.048 0.048
0 0.504 0.518 0.048 0.048
0 0.078 0.058 0.048 0.048
0 0.356 0.894 0.032 0.032
0 0.642 0.178 0.064 0.064
0 0.832 0.882 0.064 0.064
0 0.89 0.572 0.064 0.064
