0 0.826 0.794 0.064 0.064
0 0.292 0.428 0.064 0.064
0 0.306 0.296 0.032 0.032
0 0.494 0.082 0.036 0.036
0 0.89 0.254 0.032 0.032
0 0.274 0.024 0.044 0.044
0 0.048 0.324 0.064 0.064
0 0.562 0.67 0.064 0.064
0 0.588 0.066 0.032 0.032
0 0.948 0.256 0.064 0.064
0 0.54 0.51 0.032 0.032
0 0.116 0.88 0.064 0.064
0 0.058 0.7 0.048 0.048
0 0.694 0.388 0.032 0.032
0 0.856 0.344 0.048 0.048
0 0.426 0.524 0.048 0.048
0 0.208 0.878 0.032 0.032
0 0.81 0.65 0.032 0.032
0 0.684 0.824 0.032 0.032
0 0.138 0.056 0.032 0.032
0 0.762 0.774 0.048 0.032
0 0.356 0.742 0.064 0.064
0 0.352 0.88 0.064 0.064
0 0.968 0.714 0.048 0.048
0 0.062 0.232 0.064 0.064
0 0.746 0.49 0.032 0.032
0 0.034 0.114 0.048 0.048
0 0.314 0.506 0.032 0.032
0 0.66 0.714 0.032 0.032
0 0.3 0.198 0.032 0.032
0 0.224 0.38 0.048 0.048
0 0.54 0.14 0.064 0.064
0 0.502 0.758 0.048 0.048
0 0.024 0.806 0.032 0.032
0 0.764 0.06 0.032 0.032
0 0.888 0.638 0.032 0.032
0 0.33 0.618 0.064 0.064
0 0.466 0.938 0.064 0.064
0 0.178 0.71 0.048 0.048
0 0.074 0.956 0.032 0.032
0 0.124 0.802 0.032 0.032
0 0.62 0.504 0.064 0.064
0 0.588 0.878 0.032 0.032
0 0.722 0.29 0.032 0.032
0 0.714 0.912 0.048 0.048
0 0.24 0.692 0.064 0.064
0 0.464 0.662 0.048 0.048
0 0.384 0.144 0.048 0.048
0 0.178 0.226 0.032 0.032
0 0.864 0.982 0.032 0.032
0 0.904 0.492 0.032 0.032
0 0.626 0.298 0.032 0.032
0 0.922 0.082 0.032 0.032
0 0.39 0.298 0.064 0.064
0 0.512 0.334 0.064 0.064
