0 0.042 0.244 0.064 0.064
0 0.814 0.572 0.048 0.048
0 0.16 0.762 0.064 0.064
0 0.494 0.524 0.048 0.048
0 0.29 0.348 0.032 0.032
0 0.208 0.352 0.064 0.064
0 0.396 0.758 0.064 0.064
0 0.95 0.3 0.048 0.048
0 0.396 0.148 0.032 0.032
0 0.082 0.15 0.048 0.048
0 0.808 0.858 0.048 0.048
0 0.632 0.878 0.064 0.064
0 0.804 0.506 0.032 0.032
0 0.428 0.274 0.032 0.032
0 0.44 0.162 0.032 0.032
0 0.898 0.394 0.032 0.032
0 0.054 0.774 0.032 0.032
0 0.356 0.602 0.048 0.048
0 0.112 0.93 0.048 0.048
0 0.704 0.218 0.048 0.048
0 0.516 0.406 0.032 0.032
0 0.338 0.216 0.064 0.064
0 0.754 0.236 0.032 0.032
0 0.452 0.898 0.064 0.064
0 0.92 0.5 0.064 0.064
0 0.462 0.58 0.032 0.032
0 0.764 0.746 0.044 0.02
0 0.902 0.666 0.064 0.064
0 0.512 0.69 0.064 0.064
0 0.56 0.268 0.064 0.064
0 0.72 0.02 0.032 0.032
0 0.712 0.598 0.064 0.064
0 0.618 0.68 0.048 0.048
0 0.208 0.424 0.06 0.06
0 0.304 0.752 0.064 0.064
0 0.066 0.462 0.048 0.048
0 0.358 0.388 0.064 0.064
0 0.024 0.596 0.032 0.032
0 0.032 0.418 0.032 0.032
0 0.067 0.825 0.03 0.03
0 0.202 0.634 0.048 0.048
0 0.02 0.086 0.028 0.02
0 0.72 0.676 0.032 0.032
0 0.218 0.22 0.064 0.064
0 0.93 0.57 0.048 0.048
0 0.33 0.062 0.032 0.032
0 0.678 0.38 0.064 0.064
0 0.558 0.164 0.048 0.048
0 0.888 0.96 0.048 0.048
0 0.686 0.308 0.032 0.032
0 0.614 0.966 0.064 0.064
0 0.276 0.506 0.032 0.032
0 0.532 0.87 0.048 0.048
0 0.124 0.034 0.032 0.032
0 0.276 0.636 0.048 0.048
0 0.73 0.888 0.032 0.032
0 0.712 0.446 0.048 0.048
0 0.584 0.11 0.048 0.048
0 0.858 0.174 0.048 0.048
0 0.52 0.348 0.064 0.064
0 0.13 0.458 0.064 0.064
0 0.254 0.81 0.044 0.044
0 0.724 0.164 0.032 0.032
0 0.648 0.25 0.048 0.048
0 0.342 0.818 0.048 0.048
0 0.18 0.7 0.032 0.032
0 0.18 0.958 0.032 0.032
0 0.416 0.506 0.032 0.032
0 0.486 0.786 0.032 0.032
0 0.428 0.644 0.048 0.048
0 0.132 0.594 0.032 0.032
0 0.282 0.414 0.048 0.048
0 0.672 0.508 0.032 0.032
0 0.932 0.824 0.048 0.048
0 0.59 0.536 0.048 0.048
0 0.134 0.39 0.064 0.064
0 0.446 0.326 0.064 0.064
0 0.712 0.786 0.048 0.048
0 0.69 0.834 0.032 0.032
0 0.95 0.958 0.064 0.064
0 0.962 0.412 0.064 0.064
0 0.81 0.944 0.06 0.06
0 0.952 0.156 0.048 0.048
0 0.632 0.806 0.048 0.048
0 0.202 0.526 0.048 0.048
0 0.084 0.722 0.064 0.064
0 0.1 0.638 0.032 0.032
0 0.906 0.766 0.032 0.032
0 0.982 0.018 0.032 0.032
0 0.798 0.34 0.048 0.048
