0 0.86 0.374 0.064 0.064
0 0.53 0.32 0.048 0.048
0 0.238 0.826 0.032 0.032
0 0.61 0.92 0.064 0.064
0 0.03 0.152 0.032 0.032
0 0.904 0.188 0.064 0.064
0 0.534 0.928 0.064 0.064
0 0.322 0.94 0.064 0.064
0 0.288 0.146 0.064 0.064
0 0.954 0.804 0.064 0.064
0 0.074 0.874 0.032 0.032
0 0.76 0.32 0.064 0.064
0 0.092 0.576 0.032 0.032
0 0.534 0.674 0.032 0.032
0 0.318 0.05 0.048 0.048
0 0.186 0.562 0.048 0.048
0 0.616 0.714 0.032 0.032
0 0.396 0.718 0.064 0.064
0 0.242 0.266 0.064 0.064
0 0.576 0.566 0.048 0.048
0 0.864 0.52 0.048 0.048
0 0.64 0.328 0.048 0.048
0 0.92 0.558 0.032 0.032
0 0.682 0.068 0.032 0.032
0 0.118 0.452 0.032 0.032
0 0.844 0.696 0.032 0.032
0 0.68 0.522 0.048 0.048
0 0.598 0.244 0.064 0.064
0 0.81 0.534 0.032 0.032
0 0.486 0.544 0.032 0.032
0 0.846 0.888 0.032 0.032
0 0.822 0.024 0.032 0.032
0 0.363 0.081 0.022 0.022
0 0.798 0.618 0.064 0.064
0 0.308 0.358 0.06 0.06
0 0.664 0.796 0.064 0.064
0 0.562 0.754 0.064 0.064
0 0.242 0.784 0.032 0.032
0 0.746 0.45 0.064 0.064
0 0.768 0.098 0.032 0.032
0 0.926 0.05 0.064 0.064
0 0.934 0.66 0.048 0.048
0 0.95 0.48 0.064 0.064
0 0.842 0.224 0.032 0.032
0 0.7 0.696 0.032 0.032
0 0.478 0.148 0.048 0.048
0 0.39 0.386 0.048 0.048
0 0.92 0.356 0.048 0.048
