0 0.494 0.938 0.064 0.064
0 0.13 0.714 0.032 0.032
0 0.432 0.756 0.032 0.032
0 0.948 0.68 0.032 0.032
0 0.914 0.592 0.048 0.048
0 0.266 0.606 0.064 0.064
0 0.326 0.25 0.048 0.048
0 0.896 0.13 0.064 0.064
0 0.928 0.876 0.064 0.064
0 0.4 0.462 0.064 0.064
0 0.656 0.762 0.064 0.064
0 0.07 0.838 0.048 0.048
0 0.776 0.656 0.064 0.064
0 0.056 0.558 0.048 0.048
0 0.348 0.564 0.064 0.064
0 0.65 0.602 0.064 0.064
0 0.168 0.936 0.064 0.064
0 0.148 0.444 0.048 0.048
0 0.804 0.4 0.048 0.048
0 0.244 0.89 0.064 0.064
0 0.346 0.128 0.048 0.048
0 0.2 0.76 0.048 0.048
0 0.11 0.198 0.048 0.048
0 0.98 0.356 0.032 0.032
0 0.69 0.172 0.064 0.064
0 0.082 0.958 0.064 0.064
0 0.686 0.502 0.032 0.032
0 0.214 0.326 0.032 0.032
0 0.402 0.706 0.032 0.032
0 0.492 0.53 0.048 0.048
0 0.654 0.074 0.048 0.048
0 0.534 0.608 0.048 0.048
0 0.58 0.504 0.048 0.048
0 0.734 0.476 0.048 0.048
0 0.378 0.294 0.048 0.048
0 0.632 0.964 0.064 0.064
0 0.506 0.716 0.064 0.064
0 0.944 0.49 0.048 0.048
0 0.454 0.386 0.032 0.032
0 0.606 0.116 0.032 0.032
0 0.72 0.956 0.064 0.064
0 0.836 0.172 0.048 0.048
0 0.838 0.326 0.064 0.064
0 0.834 0.852 0.064 0.064
0 0.162 0.39 0.048 0.048
0 0.588 0.032 0.048 0.048
0 0.242 0.102 0.032 0.032
0 0.31 0.424 0.032 0.032
0 0.618 0.186 0.032 0.032
0 0.438 0.246 0.048 0.048
0 0.506 0.152 0.048 0.048
0 0.562 0.202 0.048 0.048
0 0.684 0.842 0.064 0.064
0 0.45 0.126 0.032 0.032
0 0.877 0.482 0.034 0.032
0 0.024 0.028 0.032 0.032
0 0.28 0.758 0.048 0.048
0 0.386 0.06 0.032 0.032
0 0.164 0.648 0.032 0.032
0 0.034 0.256 0.032 0.032
0 0.228 0.552 0.032 0.032
0 0.242 0.492 0.032 0.032
0 0.716 0.772 0.048 0.048
0 0.926 0.418 0.032 0.032
0 0.622 0.266 0.064 0.064
0 0.76 0.716 0.048 0.048
0 0.316 0.944 0.032 0.032
0 0.784 0.584 0.064 0.064
0 0.372 0.878 0.064 0.064
0 0.15 0.822 0.064 0.064
0 0.038 0.318 0.032 0.032
0 0.728 0.08 0.064 0.064
0 0.964 0.128 0.064 0.064
0 0.738 0.282 0.064 0.064
0 0.52 0.1 0.032 0.032
0 0.246 0.42 0.032 0.032
0 0.296 0.662 0.032 0.032
