0 0.498 0.334 0.064 0.064
0 0.788 0.1 0.064 0.064
0 0.13 0.872 0.032 0.032
0 0.912 0.96 0.032 0.032
0 0.618 0.878 0.032 0.032
0 0.438 0.774 0.064 0.064
0 0.752 0.8 0.032 0.032
0 0.676 0.978 0.032 0.032
0 0.554 0.108 0.064 0.064
0 0.524 0.694 0.064 0.064
0 0.928 0.9 0.064 0.064
0 0.333 0.729 0.022 0.022
0 0.566 0.358 0.032 0.032
0 0.38 0.974 0.032 0.032
0 0.104 0.47 0.064 0.064
0 0.402 0.402 0.048 0.048
0 0.934 0.672 0.048 0.048
0 0.272 0.23 0.048 0.048
0 0.074 0.782 0.048 0.048
0 0.234 0.032 0.048 0.048
0 0.464 0.84 0.048 0.048
0 0.14 0.162 0.048 0.032
0 0.254 0.92 0.064 0.064
0 0.09 0.336 0.032 0.032
0 0.688 0.56 0.064 0.064
0 0.966 0.374 0.064 0.064
0 0.62 0.35 0.048 0.048
0 0.164 0.558 0.032 0.032
0 0.192 0.728 0.064 0.064
0 0.346 0.452 0.048 0.048
0 0.972 0.094 0.048 0.048
0 0.85 0.858 0.032 0.032
0 0.05 0.832 0.032 0.032
0 0.826 0.246 0.032 0.032
0 0.356 0.206 0.032 0.032
0 0.344 0.078 0.064 0.064
0 0.718 0.054 0.064 0.064
0 0.422 0.046 0.048 0.048
0 0.38 0.314 0.032 0.032
0 0.208 0.458 0.032 0.032
0 0.956 0.192 0.048 0.048
0 0.782 0.556 0.032 0.032
0 0.772 0.452 0.048 0.048
0 0.464 0.486 0.032 0.032
0 0.248 0.828 0.064 0.064
0 0.622 0.298 0.032 0.032
0 0.888 0.096 0.024 0.024
