0 0.026 0.116 0.032 0.032
0 0.398 0.734 0.048 0.048
0 0.38 0.284 0.032 0.032
0 0.374 0.634 0.032 0.032
0 0.692 0.306 0.048 0.048
0 0.436 0.088 0.064 0.064
0 0.928 0.178 0.048 0.048
0 0.034 0.196 0.032 0.032
0 0.126 0.626 0.064 0.064
0 0.61 0.658 0.064 0.064
0 0.08 0.742 0.064 0.064
0 0.796 0.51 0.044 0.044
0 0.942 0.38 0.064 0.064
0 0.046 0.356 0.048 0.048
0 0.04 0.916 0.032 0.032
0 0.842 0.932 0.032 0.032
0 0.46 0.154 0.032 0.032
0 0.832 0.808 0.064 0.064
0 0.776 0.358 0.048 0.048
0 0.98 0.164 0.032 0.032
0 0.134 0.818 0.032 0.032
0 0.53 0.134 0.064 0.064
0 0.208 0.872 0.064 0.064
0 0.36 0.144 0.032 0.032
0 0.272 0.138 0.064 0.064
0 0.262 0.616 0.048 0.048
0 0.66 0.158 0.032 0.032
0 0.81 0.44 0.032 0.032
0 0.214 0.102 0.032 0.032
0 0.282 0.406 0.064 0.064
0 0.466 0.488 0.064 0.064
0 0.53 0.856 0.064 0.064
0 0.738 0.196 0.064 0.064
0 0.526 0.316 0.064 0.064
0 0.73 0.85 0.032 0.032
0 0.68 0.406 0.048 0.048
0 0.499 0.761 0.03 0.03
0 0.74 0.94 0.064 0.064
0 0.578 0.35 0.032 0.032
0 0.112 0.89 0.064 0.064
0 0.676 0.51 0.064 0.064
0 0.896 0.59 0.048 0.048
0 0.098 0.256 0.048 0.048
0 0.95 0.544 0.048 0.048
0 0.39 0.91 0.048 0.048
0 0.132 0.158 0.048 0.048
0 0.318 0.208 0.064 0.064
0 0.478 0.602 0.048 0.048
0 0.87 0.056 0.064 0.064
0 0.266 0.274 0.032 0.032
0 0.144 0.24 0.032 0.032
0 0.286 0.326 0.032 0.032
0 0.812 0.892 0.048 0.032
0 0.51 0.798 0.032 0.032
0 0.562 0.596 0.048 0.048
0 0.31 0.618 0.032 0.032
0 0.212 0.452 0.048 0.048
0 0.652 0.758 0.064 0.064
0 0.03 0.846 0.036 0.036
0 0.806 0.582 0.032 0.032
0 0.278 0.754 0.032 0.032
0 0.226 0.046 0.048 0.048
0 0.7 0.116 0.032 0.032
0 0.126 0.368 0.048 0.048
0 0.78 0.772 0.032 0.032
0 0.62 0.938 0.032 0.032
0 0.712 0.018 0.032 0.032
0 0.94 0.86 0.032 0.032
0 0.13 0.468 0.064 0.064
0 0.224 0.23 0.048 0.048
0 0.538 0.932 0.064 0.064
0 0.844 0.732 0.032 0.032
0 0.61 0.846 0.064 0.064
0 0.41 0.52 0.032 0.032
0 0.216 0.808 0.048 0.048
0 0.832 0.15 0.036 0.036
0 0.174 0.732 0.032 0.032
0 0.064 0.066 0.048 0.032
0 0.774 0.638 0.048 0.048
0 0.846 0.268 0.064 0.064
0 0.484 0.694 0.032 0.032
0 0.358 0.85 0.064 0.064
0 0.742 0.57 0.048 0.048
0 0.342 0.032 0.032 0.032
0 0.018 0.626 0.032 0.032
0 0.932 0.782 0.032 0.032
