0 0.708 0.19 0.032 0.032
0 0.92 0.118 0.032 0.032
0 0.304 0.302 0.048 0.048
0 0.557 0.263 0.03 0.038
0 0.938 0.81 0.032 0.032
0 0.9 0.686 0.064 0.064
0 0.138 0.716 0.064 0.064
0 0.48 0.064 0.036 0.036
0 0.6 0.518 0.048 0.048
0 0.292 0.508 0.048 0.048
0 0.762 0.25 0.048 0.048
0 0.08 0.83 0.064 0.064
0 0.788 0.608 0.032 0.032
0 0.958 0.488 0.032 0.032
0 0.504 0.582 0.064 0.064
0 0.736 0.798 0.032 0.032
0 0.536 0.924 0.048 0.048
0 0.908 0.752 0.048 0.048
0 0.318 0.766 0.048 0.048
0 0.138 0.172 0.048 0.048
0 0.376 0.894 0.064 0.064
0 0.51 0.332 0.048 0.048
0 0.83 0.156 0.048 0.048
0 0.534 0.862 0.032 0.032
0 0.254 0.56 0.048 0.048
0 0.59 0.204 0.032 0.032
0 0.912 0.254 0.032 0.032
0 0.67 0.632 0.032 0.032
0 0.728 0.692 0.032 0.032
0 0.422 0.782 0.048 0.048
0 0.42 0.514 0.032 0.032
0 0.08 0.618 0.048 0.048
0 0.048 0.744 0.048 0.048
0 0.174 0.304 0.064 0.064
0 0.762 0.402 0.032 0.032
0 0.936 0.064 0.064 0.064
0 0.646 0.364 0.032 0.032
0 0.43 0.426 0.032 0.032
0 0.274 0.096 0.048 0.048
0 0.892 0.318 0.064 0.064
0 0.15 0.082 0.048 0.048
0 0.482 0.404 0.064 0.064
0 0.05 0.448 0.064 0.064
0 0.876 0.608 0.048 0.048
0 0.378 0.264 0.064 0.064
0 0.088 0.29 0.048 0.048
0 0.674 0.89 0.064 0.064
0 0.716 0.462 0.032 0.032
0 0.05 0.154 0.048 0.048
0 0.876 0.224 0.032 0.032
0 0.398 0.636 0.048 0.048
0 0.482 0.962 0.048 0.048
0 0.714 0.32 0.032 0.032
0 0.158 0.972 0.048 0.048
0 0.55 0.108 0.064 0.064
0 0.336 0.362 0.064 0.064
0 0.832 0.304 0.048 0.048
0 0.544 0.662 0.064 0.064
0 0.908 0.912 0.064 0.064
0 0.294 0.21 0.048 0.048
0 0.164 0.5 0.044 0.044
0 0.758 0.344 0.032 0.032
0 0.614 0.958 0.064 0.064
0 0.668 0.042 0.064 0.064
0 0.798 0.384 0.032 0.032
0 0.062 0.246 0.032 0.032
0 0.654 0.452 0.048 0.048
0 0.338 0.19 0.032 0.032
0 0.76 0.166 0.048 0.048
0 0.394 0.064 0.064 0.064
0 0.414 0.708 0.048 0.048
0 0.658 0.32 0.032 0.032
0 0.694 0.524 0.064 0.064
0 0.48 0.754 0.032 0.032
