0 0.91 0.33 0.064 0.064
0 0.732 0.34 0.064 0.064
0 0.224 0.298 0.064 0.064
0 0.774 0.748 0.048 0.048
0 0.118 0.438 0.064 0.064
0 0.924 0.148 0.048 0.048
0 0.256 0.154 0.064 0.064
0 0.468 0.632 0.048 0.048
0 0.328 0.052 0.032 0.032
0 0.344 0.676 0.032 0.032
0 0.158 0.696 0.048 0.048
0 0.044 0.292 0.032 0.032
0 0.042 0.63 0.048 0.048
0 0.152 0.298 0.064 0.064
0 0.8 0.436 0.064 0.064
0 0.514 0.084 0.064 0.064
0 0.334 0.172 0.048 0.048
0 0.406 0.106 0.032 0.032
0 0.942 0.92 0.032 0.032
0 0.648 0.374 0.064 0.064
0 0.454 0.42 0.032 0.032
0 0.06 0.172 0.064 0.064
0 0.41 0.96 0.032 0.032
0 0.868 0.902 0.048 0.048
0 0.618 0.876 0.064 0.064
0 0.498 0.514 0.048 0.048
0 0.928 0.244 0.048 0.048
0 0.816 0.23 0.064 0.064
0 0.108 0.656 0.044 0.044
0 0.8 0.826 0.032 0.032
0 0.954 0.758 0.032 0.032
0 0.584 0.792 0.048 0.048
0 0.84 0.294 0.048 0.048
0 0.77 0.912 0.048 0.048
0 0.182 0.904 0.048 0.048
0 0.982 0.604 0.032 0.032
0 0.024 0.386 0.032 0.032
0 0.386 0.296 0.064 0.064
0 0.062 0.942 0.032 0.032
0 0.25 0.528 0.064 0.064
0 0.122 0.852 0.064 0.064
0 0.828 0.514 0.064 0.064
0 0.722 0.782 0.032 0.032
0 0.752 0.564 0.048 0.048
0 0.914 0.608 0.048 0.048
0 0.89 0.664 0.032 0.032
0 0.67 0.078 0.032 0.032
0 0.536 0.362 0.064 0.064
0 0.52 0.182 0.032 0.032
0 0.896 0.756 0.048 0.048
0 0.622 0.476 0.048 0.048
0 0.54 0.836 0.032 0.032
0 0.566 0.62 0.064 0.064
0 0.352 0.926 0.032 0.032
0 0.818 0.872 0.032 0.032
0 0.57 0.18 0.048 0.048
0 0.852 0.752 0.032 0.032
0 0.292 0.938 0.064 0.064
0 0.682 0.596 0.032 0.032
0 0.326 0.782 0.064 0.064
0 0.042 0.758 0.048 0.048
0 0.408 0.706 0.064 0.064
0 0.378 0.602 0.064 0.064
0 0.502 0.784 0.032 0.032
0 0.304 0.39 0.032 0.032
0 0.212 0.44 0.048 0.048
0 0.362 0.856 0.064 0.064
0 0.48 0.236 0.048 0.048
0 0.728 0.068 0.032 0.032
0 0.48 0.82 0.032 0.032
0 0.14 0.204 0.064 0.064
0 0.128 0.562 0.048 0.048
0 0.548 0.562 0.032 0.032
0 0.45 0.03 0.032 0.032
0 0.092 0.036 0.048 0.048
0 0.246 0.734 0.064 0.064
0 0.27 0.08 0.064 0.064
