0 0.776 0.832 0.064 0.064
0 0.748 0.112 0.036 0.036
0 0.294 0.546 0.048 0.048
0 0.542 0.458 0.064 0.064
0 0.306 0.158 0.032 0.032
0 0.47 0.646 0.048 0.048
0 0.24 0.972 0.032 0.032
0 0.326 0.1 0.064 0.064
0 0.296 0.428 0.032 0.032
0 0.362 0.784 0.048 0.048
0 0.05 0.842 0.032 0.032
0 0.406 0.524 0.032 0.032
0 0.58 0.354 0.048 0.048
0 0.402 0.206 0.064 0.064
0 0.712 0.208 0.032 0.032
0 0.256 0.32 0.032 0.032
0 0.742 0.318 0.032 0.032
0 0.326 0.9 0.032 0.032
0 0.89 0.628 0.064 0.064
0 0.426 0.36 0.044 0.044
0 0.038 0.274 0.064 0.064
0 0.702 0.958 0.028 0.02
0 0.714 0.582 0.064 0.064
0 0.58 0.274 0.032 0.032
0 0.824 0.166 0.032 0.032
0 0.354 0.564 0.048 0.048
0 0.138 0.388 0.048 0.048
0 0.18 0.816 0.064 0.064
0 0.626 0.496 0.032 0.032
0 0.972 0.064 0.048 0.048
0 0.634 0.928 0.048 0.048
0 0.456 0.946 0.048 0.048
0 0.772 0.482 0.048 0.048
0 0.562 0.796 0.064 0.064
0 0.022 0.198 0.032 0.032
0 0.736 0.77 0.048 0.048
0 0.474 0.822 0.064 0.064
0 0.76 0.04 0.048 0.048
0 0.08 0.376 0.048 0.048
0 0.798 0.28 0.032 0.032
0 0.6 0.174 0.048 0.048
0 0.476 0.724 0.032 0.032
0 0.78 0.902 0.048 0.048
0 0.95 0.156 0.032 0.032
0 0.202 0.69 0.064 0.064
0 0.352 0.024 0.032 0.032
0 0.086 0.084 0.064 0.064
0 0.292 0.798 0.064 0.064
0 0.852 0.77 0.048 0.048
0 0.018 0.424 0.032 0.032
0 0.422 0.098 0.048 0.048
0 0.512 0.886 0.048 0.048
0 0.524 0.282 0.064 0.064
0 0.19 0.328 0.032 0.032
0 0.102 0.768 0.032 0.032
0 0.582 0.556 0.064 0.064
