0 0.456 0.076 0.044 0.044
0 0.982 0.34 0.032 0.032
0 0.304 0.04 0.032 0.032
0 0.474 0.96 0.032 0.032
0 0.882 0.55 0.064 0.064
0 0.386 0.242 0.048 0.048
0 0.318 0.712 0.032 0.032
0 0.856 0.338 0.048 0.048
0 0.616 0.534 0.064 0.064
0 0.134 0.646 0.032 0.032
0 0.28 0.39 0.032 0.032
0 0.916 0.4 0.064 0.064
0 0.184 0.286 0.064 0.064
0 0.074 0.672 0.064 0.064
0 0.676 0.044 0.032 0.032
0 0.732 0.058 0.064 0.064
0 0.64 0.41 0.048 0.048
0 0.476 0.878 0.064 0.064
0 0.722 0.694 0.064 0.064
0 0.042 0.1 0.064 0.064
0 0.91 0.87 0.032 0.032
0 0.642 0.36 0.032 0.032
0 0.492 0.572 0.064 0.064
0 0.696 0.266 0.064 0.064
0 0.59 0.21 0.064 0.064
0 0.784 0.488 0.048 0.048
0 0.314 0.172 0.028 0.02
0 0.694 0.758 0.032 0.032
0 0.272 0.798 0.032 0.032
0 0.602 0.742 0.032 0.032
0 0.222 0.056 0.048 0.048
0 0.298 0.238 0.032 0.032
0 0.172 0.204 0.048 0.048
0 0.98 0.968 0.032 0.032
0 0.394 0.844 0.064 0.064
0 0.204 0.806 0.032 0.032
0 0.892 0.684 0.048 0.048
0 0.342 0.462 0.032 0.032
0 0.572 0.052 0.048 0.048
