0 0.562 0.824 0.064 0.064
0 0.454 0.082 0.032 0.032
0 0.582 0.37 0.048 0.048
0 0.658 0.516 0.048 0.048
0 0.402 0.2 0.048 0.048
0 0.456 0.684 0.048 0.048
0 0.252 0.516 0.064 0.064
0 0.798 0.8 0.032 0.032
0 0.96 0.666 0.048 0.048
0 0.794 0.698 0.032 0.032
0 0.432 0.618 0.064 0.064
0 0.6 0.684 0.064 0.064
0 0.764 0.922 0.032 0.032
0 0.686 0.836 0.032 0.032
0 0.162 0.078 0.048 0.048
0 0.704 0.38 0.032 0.032
0 0.218 0.778 0.064 0.064
0 0.266 0.16 0.064 0.064
0 0.29 0.08 0.048 0.048
0 0.96 0.736 0.032 0.032
0 0.308 0.856 0.048 0.048
0 0.174 0.668 0.032 0.032
0 0.712 0.59 0.064 0.064
0 0.334 0.932 0.064 0.064
0 0.416 0.972 0.032 0.032
0 0.526 0.552 0.032 0.032
0 0.36 0.684 0.064 0.064
0 0.924 0.352 0.032 0.032
0 0.796 0.594 0.048 0.048
0 0.594 0.892 0.032 0.032
0 0.724 0.286 0.032 0.032
0 0.334 0.218 0.048 0.048
0 0.706 0.18 0.032 0.032
0 0.602 0.114 0.032 0.032
0 0.888 0.81 0.032 0.032
0 0.638 0.354 0.048 0.048
0 0.12 0.32 0.064 0.064
0 0.678 0.654 0.032 0.032
0 0.148 0.966 0.064 0.064
0 0.206 0.448 0.048 0.048
0 0.532 0.386 0.032 0.032
0 0.776 0.982 0.032 0.032
0 0.54 0.488 0.032 0.032
0 0.708 0.756 0.032 0.032
0 0.514 0.334 0.048 0.048
0 0.444 0.432 0.032 0.032
0 0.538 0.94 0.048 0.048
0 0.488 0.498 0.064 0.064
0 0.572 0.21 0.032 0.032
0 0.082 0.24 0.048 0.048
0 0.974 0.092 0.048 0.048
0 0.398 0.444 0.032 0.032
0 0.242 0.086 0.032 0.032
0 0.14 0.752 0.064 0.064
0 0.226 0.354 0.064 0.064
0 0.428 0.81 0.032 0.032
0 0.842 0.948 0.064 0.064
0 0.046 0.05 0.064 0.064
0 0.774 0.506 0.064 0.064
0 0.81 0.122 0.064 0.064
0 0.684 0.094 0.064 0.064
0 0.81 0.2 0.048 0.048
0 0.176 0.564 0.048 0.048
0 0.84 0.81 0.032 0.032
0 0.464 0.24 0.064 0.064
0 0.312 0.354 0.048 0.048
0 0.132 0.252 0.044 0.044
0 0.622 0.258 0.032 0.032
0 0.13 0.626 0.032 0.032
0 0.34 0.444 0.048 0.048
0 0.482 0.156 0.048 0.048
0 0.144 0.848 0.064 0.064
0 0.076 0.772 0.048 0.048
0 0.66 0.966 0.048 0.048
0 0.26 0.694 0.064 0.064
0 0.626 0.468 0.032 0.032
0 0.912 0.538 0.064 0.064
0 0.536 0.052 0.064 0.064
0 0.122 0.14 0.064 0.064
0 0.36 0.054 0.032 0.032
0 0.86 0.392 0.064 0.064
0 0.066 0.558 0.064 0.064
0 0.36 0.508 0.064 0.064
0 0.918 0.12 0.048 0.048
