0 0.342 0.378 0.064 0.064
0 0.04 0.868 0.064 0.064
0 0.74 0.572 0.048 0.048
0 0.26 0.416 0.032 0.032
0 0.292 0.538 0.064 0.064
0 0.952 0.368 0.032 0.032
0 0.378 0.69 0.048 0.048
0 0.836 0.926 0.048 0.048
0 0.94 0.238 0.064 0.064
0 0.244 0.67 0.048 0.048
0 0.56 0.494 0.064 0.064
0 0.062 0.79 0.048 0.048
0 0.286 0.326 0.032 0.032
0 0.294 0.28 0.048 0.048
0 0.538 0.162 0.064 0.064
0 0.188 0.796 0.032 0.032
0 0.052 0.384 0.032 0.032
0 0.232 0.376 0.032 0.032
0 0.294 0.2 0.064 0.064
0 0.464 0.2 0.048 0.048
0 0.132 0.18 0.048 0.048
0 0.646 0.506 0.032 0.032
0 0.854 0.158 0.064 0.064
0 0.704 0.32 0.064 0.064
0 0.466 0.454 0.064 0.064
0 0.458 0.092 0.064 0.064
0 0.636 0.214 0.064 0.064
0 0.876 0.302 0.048 0.048
0 0.834 0.808 0.064 0.064
0 0.214 0.27 0.032 0.032
0 0.71 0.814 0.064 0.064
0 0.084 0.658 0.064 0.064
0 0.77 0.804 0.048 0.048
0 0.542 0.798 0.032 0.032
0 0.872 0.592 0.048 0.048
0 0.718 0.114 0.064 0.064
0 0.112 0.484 0.032 0.032
0 0.266 0.796 0.064 0.064
0 0.452 0.86 0.064 0.064
0 0.94 0.728 0.064 0.064
0 0.784 0.97 0.032 0.032
0 0.038 0.11 0.048 0.048
0 0.423 0.79 0.034 0.032
0 0.752 0.626 0.032 0.032
0 0.06 0.534 0.032 0.032
0 0.602 0.942 0.032 0.032
0 0.316 0.918 0.048 0.048
0 0.254 0.06 0.032 0.032
0 0.526 0.904 0.064 0.064
0 0.358 0.76 0.064 0.064
0 0.134 0.09 0.064 0.064
0 0.79 0.454 0.032 0.032
0 0.11 0.958 0.048 0.048
0 0.598 0.806 0.064 0.064
0 0.616 0.682 0.048 0.048
0 0.772 0.888 0.064 0.064
0 0.46 0.736 0.064 0.064
0 0.348 0.194 0.032 0.032
0 0.908 0.506 0.048 0.048
0 0.198 0.976 0.032 0.032
0 0.03 0.468 0.032 0.032
0 0.508 0.966 0.032 0.032
0 0.342 0.058 0.048 0.048
0 0.788 0.632 0.032 0.032
0 0.156 0.598 0.032 0.032
0 0.132 0.032 0.032 0.032
0 0.54 0.054 0.048 0.048
0 0.03 0.292 0.048 0.048
0 0.666 0.15 0.032 0.032
0 0.152 0.294 0.064 0.064
0 0.306 0.434 0.032 0.032
0 0.79 0.348 0.032 0.032
0 0.314 0.14 0.032 0.032
0 0.772 0.258 0.032 0.032
0 0.78 0.156 0.032 0.032
0 0.168 0.714 0.064 0.064
0 0.664 0.036 0.032 0.032
0 0.612 0.544 0.032 0.032
0 0.548 0.642 0.064 0.064
0 0.378 0.954 0.064 0.064
0 0.864 0.088 0.048 0.048
0 0.186 0.03 0.032 0.032
0 0.152 0.402 0.064 0.064
0 0.436 0.58 0.048 0.048
0 0.186 0.908 0.064 0.064
0 0.942 0.856 0.032 0.032
