0 0.442 0.93 0.064 0.064
0 0.558 0.346 0.032 0.032
0 0.646 0.22 0.032 0.032
0 0.456 0.37 0.064 0.064
0 0.532 0.956 0.048 0.048
0 0.938 0.858 0.048 0.048
0 0.34 0.724 0.032 0.032
0 0.354 0.248 0.064 0.064
0 0.264 0.088 0.048 0.048
0 0.594 0.604 0.048 0.048
0 0.818 0.366 0.064 0.064
0 0.706 0.304 0.032 0.032
0 0.11 0.918 0.064 0.064
0 0.296 0.85 0.032 0.032
0 0.096 0.018 0.032 0.032
0 0.272 0.342 0.032 0.032
0 0.896 0.946 0.032 0.032
0 0.636 0.35 0.048 0.048
0 0.79 0.71 0.048 0.048
0 0.43 0.546 0.032 0.032
0 0.602 0.29 0.048 0.048
0 0.646 0.952 0.032 0.032
0 0.172 0.126 0.064 0.064
0 0.39 0.516 0.032 0.032
0 0.658 0.304 0.032 0.032
0 0.276 0.302 0.032 0.032
0 0.232 0.288 0.048 0.048
0 0.472 0.554 0.032 0.032
0 0.482 0.118 0.064 0.064
0 0.952 0.136 0.032 0.032
0 0.624 0.16 0.048 0.048
0 0.604 0.712 0.064 0.064
0 0.352 0.86 0.032 0.032
0 0.708 0.114 0.048 0.048
0 0.804 0.156 0.064 0.064
0 0.04 0.916 0.048 0.048
0 0.172 0.668 0.064 0.064
0 0.376 0.106 0.032 0.032
0 0.268 0.654 0.048 0.048
0 0.87 0.724 0.048 0.048
0 0.942 0.31 0.064 0.064
0 0.05 0.274 0.064 0.064
0 0.774 0.55 0.064 0.064
0 0.328 0.508 0.064 0.064
0 0.186 0.61 0.032 0.032
0 0.242 0.964 0.032 0.032
0 0.872 0.606 0.064 0.064
0 0.758 0.834 0.048 0.048
0 0.848 0.448 0.064 0.064
0 0.172 0.432 0.048 0.048
0 0.032 0.044 0.032 0.032
0 0.358 0.32 0.032 0.032
0 0.106 0.202 0.064 0.064
0 0.53 0.738 0.064 0.064
0 0.81 0.872 0.032 0.032
0 0.326 0.37 0.048 0.048
0 0.55 0.128 0.064 0.064
0 0.922 0.4 0.064 0.064
0 0.696 0.948 0.032 0.032
0 0.92 0.194 0.048 0.048
0 0.496 0.064 0.032 0.032
0 0.678 0.52 0.048 0.048
0 0.06 0.628 0.032 0.032
0 0.152 0.756 0.064 0.064
0 0.422 0.284 0.048 0.048
0 0.696 0.652 0.032 0.032
0 0.292 0.794 0.048 0.048
0 0.696 0.464 0.032 0.032
0 0.786 0.946 0.048 0.048
0 0.598 0.832 0.032 0.032
0 0.712 0.038 0.064 0.064
