0 0.838 0.96 0.048 0.048
0 0.738 0.444 0.032 0.032
0 0.71 0.86 0.032 0.032
0 0.774 0.19 0.048 0.048
0 0.872 0.078 0.048 0.048
0 0.346 0.856 0.048 0.048
0 0.21 0.266 0.032 0.032
0 0.828 0.738 0.048 0.032
0 0.83 0.392 0.032 0.032
0 0.7 0.218 0.064 0.064
0 0.954 0.026 0.048 0.048
0 0.182 0.946 0.048 0.048
0 0.458 0.166 0.064 0.064
0 0.894 0.61 0.048 0.048
0 0.266 0.572 0.032 0.032
0 0.676 0.41 0.064 0.064
0 0.464 0.882 0.048 0.048
0 0.266 0.462 0.064 0.064
0 0.924 0.514 0.032 0.032
0 0.286 0.138 0.048 0.048
0 0.614 0.744 0.048 0.048
0 0.428 0.062 0.064 0.064
0 0.372 0.202 0.064 0.064
0 0.302 0.756 0.032 0.032
0 0.4 0.378 0.048 0.048
0 0.258 0.73 0.032 0.032
0 0.212 0.698 0.048 0.048
0 0.676 0.338 0.064 0.064
0 0.876 0.866 0.064 0.064
0 0.094 0.758 0.032 0.032
0 0.526 0.798 0.064 0.064
0 0.416 0.636 0.064 0.064
0 0.06 0.422 0.064 0.064
0 0.716 0.698 0.064 0.064
0 0.58 0.448 0.048 0.048
0 0.458 0.806 0.048 0.048
0 0.914 0.662 0.032 0.032
0 0.57 0.914 0.032 0.032
0 0.418 0.302 0.048 0.048
0 0.56 0.112 0.032 0.032
0 0.884 0.122 0.032 0.032
0 0.168 0.646 0.048 0.048
0 0.314 0.52 0.032 0.032
0 0.792 0.288 0.032 0.032
0 0.072 0.626 0.032 0.032
0 0.392 0.514 0.048 0.048
0 0.758 0.906 0.048 0.048
0 0.12 0.482 0.048 0.048
0 0.446 0.396 0.032 0.032
0 0.188 0.756 0.048 0.048
0 0.198 0.518 0.064 0.064
0 0.858 0.536 0.048 0.048
0 0.656 0.96 0.064 0.064
0 0.874 0.76 0.032 0.032
0 0.244 0.898 0.064 0.064
0 0.808 0.778 0.032 0.032
0 0.506 0.338 0.064 0.064
0 0.31 0.394 0.032 0.032
0 0.104 0.884 0.032 0.032
0 0.973 0.22 0.034 0.032
0 0.406 0.704 0.048 0.048
0 0.89 0.452 0.048 0.048
0 0.048 0.156 0.048 0.048
0 0.468 0.946 0.048 0.048
0 0.816 0.866 0.032 0.032
0 0.316 0.038 0.064 0.064
