0 0.644 0.732 0.064 0.064
0 0.132 0.312 0.032 0.032
0 0.222 0.818 0.048 0.048
0 0.758 0.396 0.048 0.048
0 0.15 0.036 0.032 0.032
0 0.396 0.49 0.02 0.02
0 0.526 0.484 0.044 0.02
0 0.608 0.264 0.064 0.064
0 0.282 0.908 0.032 0.032
0 0.778 0.458 0.048 0.048
0 0.826 0.66 0.032 0.032
0 0.182 0.258 0.032 0.032
0 0.76 0.766 0.064 0.064
0 0.974 0.8 0.048 0.048
0 0.232 0.414 0.064 0.064
0 0.502 0.088 0.064 0.064
0 0.925 0.458 0.034 0.032
0 0.962 0.226 0.048 0.048
0 0.09 0.448 0.064 0.064
0 0.344 0.67 0.064 0.064
0 0.226 0.892 0.032 0.032
0 0.406 0.578 0.064 0.064
0 0.526 0.398 0.048 0.048
0 0.456 0.974 0.032 0.032
0 0.4 0.812 0.032 0.032
0 0.458 0.85 0.064 0.064
0 0.828 0.224 0.048 0.048
0 0.704 0.562 0.048 0.048
0 0.052 0.294 0.032 0.032
0 0.638 0.576 0.064 0.064
0 0.924 0.55 0.064 0.064
0 0.798 0.038 0.064 0.064
