0 0.666 0.528 0.048 0.048
0 0.442 0.598 0.048 0.048
0 0.462 0.7 0.064 0.064
0 0.24 0.452 0.048 0.048
0 0.386 0.854 0.064 0.064
0 0.12 0.2 0.064 0.064
0 0.052 0.202 0.032 0.032
0 0.16 0.392 0.048 0.048
0 0.362 0.334 0.064 0.064
0 0.618 0.646 0.048 0.048
0 0.314 0.608 0.064 0.064
0 0.525 0.144 0.034 0.032
0 0.462 0.318 0.048 0.048
0 0.69 0.658 0.048 0.048
0 0.884 0.768 0.032 0.032
0 0.302 0.868 0.064 0.064
0 0.526 0.91 0.048 0.048
0 0.842 0.682 0.032 0.032
0 0.128 0.712 0.064 0.064
0 0.204 0.954 0.064 0.064
0 0.504 0.088 0.048 0.048
0 0.852 0.454 0.064 0.064
0 0.894 0.956 0.048 0.048
0 0.116 0.906 0.064 0.064
0 0.504 0.574 0.048 0.048
0 0.786 0.236 0.032 0.032
0 0.186 0.624 0.064 0.064
0 0.068 0.538 0.048 0.048
0 0.514 0.35 0.048 0.048
0 0.933 0.466 0.034 0.032
0 0.092 0.388 0.032 0.032
0 0.572 0.414 0.048 0.048
0 0.902 0.372 0.032 0.032
0 0.188 0.87 0.048 0.048
0 0.342 0.93 0.032 0.032
0 0.797 0.782 0.034 0.032
0 0.95 0.112 0.048 0.048
0 0.402 0.036 0.048 0.048
0 0.768 0.57 0.064 0.064
0 0.426 0.264 0.032 0.032
0 0.938 0.258 0.048 0.048
0 0.102 0.032 0.048 0.048
0 0.126 0.132 0.048 0.048
0 0.68 0.308 0.032 0.032
0 0.692 0.818 0.032 0.032
0 0.558 0.47 0.032 0.032
0 0.022 0.31 0.032 0.032
0 0.93 0.898 0.032 0.032
0 0.622 0.9 0.032 0.032
0 0.692 0.378 0.064 0.064
0 0.574 0.83 0.064 0.064
0 0.448 0.476 0.032 0.032
0 0.972 0.592 0.048 0.048
0 0.84 0.162 0.048 0.048
0 0.034 0.03 0.032 0.032
0 0.764 0.124 0.032 0.032
0 0.094 0.35 0.032 0.032
0 0.492 0.228 0.064 0.064
0 0.298 0.178 0.032 0.032
0 0.096 0.778 0.048 0.048
0 0.276 0.726 0.048 0.048
0 0.092 0.428 0.032 0.032
0 0.24 0.856 0.032 0.032
0 0.228 0.352 0.032 0.032
0 0.736 0.244 0.048 0.048
0 0.55 0.668 0.032 0.032
0 0.802 0.952 0.064 0.064
0 0.706 0.138 0.032 0.032
0 0.568 0.598 0.032 0.032
0 0.304 0.238 0.032 0.032
0 0.576 0.966 0.032 0.032
0 0.62 0.164 0.032 0.032
0 0.02 0.814 0.032 0.032
0 0.42 0.186 0.064 0.064
0 0.186 0.098 0.064 0.064
0 0.718 0.982 0.032 0.032
0 0.252 0.214 0.048 0.048
0 0.788 0.666 0.064 0.064
0 0.33 0.136 0.032 0.032
0 0.248 0.528 0.048 0.048
0 0.586 0.736 0.032 0.032
0 0.118 0.464 0.032 0.032
0 0.69 0.062 0.032 0.032
0 0.764 0.172 0.048 0.048
0 0.872 0.906 0.032 0.032
0 0.304 0.45 0.064 0.064
