0 0.144 0.722 0.048 0.048
0 0.432 0.63 0.032 0.032
0 0.282 0.194 0.048 0.048
0 0.352 0.198 0.064 0.064
0 0.706 0.322 0.048 0.048
0 0.528 0.936 0.048 0.048
0 0.85 0.714 0.048 0.048
0 0.364 0.5 0.048 0.048
0 0.062 0.818 0.032 0.032
0 0.621 0.331 0.03 0.03
0 0.686 0.82 0.048 0.048
0 0.136 0.07 0.064 0.064
0 0.918 0.044 0.064 0.064
0 0.59 0.794 0.048 0.048
0 0.284 0.38 0.032 0.032
0 0.25 0.874 0.048 0.048
0 0.368 0.582 0.048 0.048
0 0.242 0.976 0.032 0.032
0 0.932 0.374 0.064 0.064
0 0.264 0.074 0.032 0.032
0 0.606 0.08 0.064 0.064
0 0.79 0.312 0.032 0.032
0 0.124 0.324 0.032 0.032
0 0.798 0.68 0.048 0.048
0 0.836 0.266 0.032 0.032
0 0.068 0.43 0.048 0.048
0 0.738 0.66 0.064 0.064
0 0.712 0.23 0.032 0.032
0 0.948 0.778 0.064 0.064
0 0.556 0.172 0.032 0.032
0 0.278 0.306 0.032 0.032
0 0.362 0.696 0.032 0.032
0 0.36 0.296 0.064 0.064
0 0.378 0.07 0.048 0.048
0 0.48 0.654 0.032 0.032
0 0.026 0.362 0.048 0.048
0 0.184 0.154 0.064 0.064
0 0.824 0.614 0.048 0.048
0 0.824 0.91 0.032 0.032
0 0.808 0.952 0.032 0.032
0 0.462 0.542 0.064 0.064
0 0.248 0.7 0.032 0.032
0 0.86 0.462 0.032 0.032
0 0.34 0.932 0.064 0.064
0 0.546 0.398 0.048 0.048
0 0.768 0.98 0.032 0.032
0 0.77 0.536 0.032 0.032
0 0.944 0.26 0.048 0.048
0 0.786 0.192 0.032 0.032
0 0.952 0.444 0.048 0.048
0 0.162 0.93 0.064 0.064
0 0.312 0.642 0.032 0.032
0 0.538 0.258 0.048 0.048
0 0.516 0.658 0.032 0.032
0 0.502 0.044 0.048 0.048
0 0.61 0.72 0.048 0.048
0 0.114 0.41 0.032 0.032
0 0.804 0.048 0.036 0.036
0 0.626 0.864 0.032 0.032
0 0.116 0.168 0.048 0.048
