0 0.184 0.26 0.064 0.064
0 0.226 0.16 0.032 0.032
0 0.274 0.836 0.064 0.064
0 0.238 0.692 0.048 0.032
0 0.112 0.85 0.06 0.06
0 0.404 0.256 0.032 0.032
0 0.38 0.514 0.032 0.032
0 0.226 0.02 0.032 0.032
0 0.144 0.116 0.064 0.064
0 0.818 0.34 0.032 0.032
0 0.424 0.1 0.048 0.048
0 0.394 0.66 0.064 0.064
0 0.232 0.53 0.064 0.064
0 0.06 0.61 0.032 0.032
0 0.724 0.636 0.064 0.064
0 0.748 0.884 0.064 0.064
0 0.842 0.538 0.032 0.032
0 0.758 0.494 0.064 0.064
0 0.092 0.02 0.032 0.032
0 0.768 0.414 0.064 0.064
0 0.704 0.21 0.032 0.032
0 0.738 0.772 0.032 0.032
0 0.756 0.124 0.048 0.048
0 0.404 0.846 0.032 0.032
0 0.642 0.088 0.032 0.032
0 0.93 0.262 0.064 0.064
0 0.694 0.04 0.048 0.048
0 0.682 0.508 0.032 0.032
0 0.252 0.098 0.064 0.064
0 0.414 0.576 0.064 0.064
0 0.054 0.27 0.064 0.064
0 0.668 0.646 0.032 0.032
0 0.328 0.362 0.064 0.064
0 0.338 0.592 0.032 0.032
0 0.594 0.694 0.032 0.032
0 0.97 0.484 0.048 0.048
0 0.458 0.17 0.064 0.064
0 0.946 0.172 0.032 0.032
0 0.214 0.448 0.048 0.048
0 0.946 0.942 0.064 0.064
0 0.356 0.434 0.032 0.032
0 0.352 0.242 0.064 0.064
0 0.644 0.148 0.064 0.064
0 0.834 0.476 0.048 0.048
0 0.526 0.684 0.032 0.032
0 0.172 0.324 0.048 0.048
0 0.612 0.636 0.048 0.048
0 0.826 0.242 0.048 0.048
0 0.62 0.312 0.032 0.032
0 0.378 0.744 0.064 0.064
0 0.19 0.76 0.048 0.048
0 0.068 0.558 0.048 0.048
0 0.126 0.212 0.032 0.032
0 0.944 0.68 0.048 0.048
0 0.538 0.496 0.064 0.064
0 0.36 0.964 0.048 0.048
0 0.665 0.811 0.03 0.03
0 0.63 0.232 0.064 0.064
0 0.048 0.492 0.032 0.032
0 0.848 0.12 0.032 0.032
0 0.042 0.822 0.032 0.032
0 0.516 0.838 0.064 0.064
0 0.156 0.494 0.032 0.032
0 0.264 0.768 0.064 0.064
0 0.884 0.036 0.064 0.064
0 0.776 0.36 0.032 0.032
0 0.636 0.894 0.032 0.032
0 0.814 0.644 0.032 0.032
0 0.048 0.136 0.048 0.048
0 0.848 0.954 0.048 0.048
