0 0.754 0.666 0.048 0.048
0 0.468 0.148 0.048 0.048
0 0.042 0.54 0.064 0.064
0 0.758 0.156 0.048 0.048
0 0.51 0.626 0.064 0.064
0 0.304 0.924 0.048 0.048
0 0.728 0.322 0.048 0.048
0 0.484 0.3 0.048 0.048
0 0.544 0.41 0.064 0.064
0 0.394 0.034 0.048 0.048
0 0.912 0.962 0.064 0.064
0 0.566 0.56 0.032 0.032
0 0.454 0.956 0.064 0.064
0 0.616 0.936 0.048 0.048
0 0.324 0.1 0.048 0.048
0 0.924 0.354 0.048 0.048
0 0.892 0.146 0.048 0.048
0 0.39 0.8 0.032 0.032
0 0.756 0.402 0.064 0.064
0 0.232 0.07 0.048 0.048
0 0.112 0.502 0.032 0.032
0 0.196 0.586 0.048 0.048
