0 0.906 0.108 0.064 0.064
0 0.916 0.584 0.064 0.064
0 0.224 0.578 0.064 0.064
0 0.164 0.056 0.048 0.048
0 0.546 0.69 0.032 0.032
0 0.33 0.964 0.064 0.064
0 0.432 0.634 0.064 0.064
0 0.442 0.246 0.048 0.048
0 0.838 0.066 0.064 0.064
0 0.54 0.608 0.032 0.032
0 0.293 0.358 0.034 0.032
0 0.612 0.658 0.048 0.048
0 0.368 0.742 0.032 0.032
0 0.964 0.806 0.048 0.048
0 0.404 0.118 0.048 0.048
0 0.342 0.54 0.048 0.048
0 0.11 0.108 0.048 0.048
0 0.224 0.654 0.048 0.048
0 0.036 0.184 0.064 0.064
0 0.806 0.92 0.064 0.064
0 0.68 0.098 0.048 0.048
0 0.142 0.594 0.064 0.064
0 0.276 0.866 0.064 0.064
