0 0.756 0.47 0.048 0.048
0 0.61 0.458 0.048 0.048
0 0.864 0.65 0.048 0.048
0 0.812 0.85 0.032 0.032
0 0.96 0.808 0.064 0.064
0 0.11 0.978 0.032 0.032
0 0.966 0.72 0.064 0.064
0 0.328 0.034 0.064 0.064
0 0.782 0.318 0.032 0.032
0 0.026 0.924 0.032 0.032
0 0.948 0.402 0.032 0.032
0 0.408 0.848 0.032 0.032
0 0.298 0.244 0.064 0.064
0 0.044 0.17 0.064 0.064
0 0.092 0.33 0.064 0.064
0 0.256 0.496 0.064 0.064
0 0.886 0.55 0.048 0.048
0 0.404 0.624 0.048 0.048
0 0.038 0.562 0.064 0.064
0 0.518 0.16 0.048 0.048
0 0.612 0.7 0.048 0.048
0 0.754 0.148 0.064 0.064
0 0.152 0.584 0.064 0.064
0 0.166 0.262 0.064 0.064
0 0.66 0.38 0.032 0.032
0 0.112 0.416 0.064 0.064
0 0.614 0.826 0.048 0.048
0 0.22 0.152 0.048 0.048
0 0.426 0.692 0.064 0.064
0 0.724 0.93 0.064 0.064
0 0.898 0.966 0.064 0.064
0 0.318 0.634 0.048 0.048
0 0.566 0.432 0.032 0.032
0 0.632 0.136 0.064 0.064
0 0.856 0.5 0.032 0.032
0 0.702 0.226 0.048 0.048
0 0.868 0.066 0.032 0.032
0 0.55 0.328 0.064 0.064
0 0.878 0.888 0.032 0.032
0 0.152 0.914 0.064 0.064
0 0.898 0.19 0.064 0.064
0 0.15 0.078 0.048 0.048
0 0.106 0.488 0.064 0.064
0 0.038 0.744 0.032 0.032
0 0.103 0.619 0.022 0.022
0 0.366 0.118 0.064 0.064
0 0.318 0.804 0.048 0.048
0 0.238 0.374 0.032 0.032
0 0.822 0.774 0.048 0.048
0 0.48 0.492 0.048 0.048
0 0.842 0.118 0.064 0.064
0 0.482 0.794 0.064 0.064
0 0.102 0.192 0.032 0.032
0 0.76 0.802 0.064 0.064
0 0.544 0.044 0.048 0.048
0 0.712 0.608 0.064 0.064
0 0.302 0.954 0.048 0.048
0 0.924 0.662 0.032 0.032
0 0.57 0.898 0.064 0.064
0 0.252 0.686 0.064 0.064
0 0.388 0.274 0.032 0.032
