0 0.35 0.408 0.032 0.032
0 0.926 0.182 0.032 0.032
0 0.31 0.278 0.032 0.032
0 0.332 0.96 0.064 0.064
0 0.758 0.692 0.048 0.048
0 0.392 0.802 0.064 0.064
0 0.904 0.74 0.064 0.064
0 0.886 0.114 0.032 0.032
0 0.478 0.81 0.064 0.064
0 0.86 0.21 0.048 0.048
0 0.13 0.386 0.032 0.032
0 0.87 0.308 0.064 0.064
0 0.916 0.444 0.064 0.064
0 0.208 0.836 0.064 0.064
0 0.414 0.192 0.032 0.032
0 0.204 0.142 0.032 0.032
0 0.236 0.402 0.032 0.032
0 0.66 0.258 0.032 0.032
0 0.27 0.456 0.048 0.048
0 0.586 0.686 0.048 0.048
0 0.824 0.92 0.064 0.064
0 0.366 0.206 0.032 0.032
0 0.942 0.612 0.064 0.064
0 0.696 0.314 0.048 0.048
0 0.42 0.048 0.064 0.064
0 0.52 0.234 0.032 0.032
0 0.612 0.96 0.032 0.032
0 0.94 0.932 0.064 0.064
0 0.954 0.018 0.032 0.032
0 0.586 0.622 0.048 0.048
0 0.586 0.752 0.032 0.032
0 0.538 0.046 0.048 0.048
0 0.22 0.092 0.048 0.048
0 0.544 0.928 0.048 0.048
0 0.568 0.79 0.032 0.032
0 0.29 0.714 0.064 0.064
0 0.114 0.036 0.048 0.048
0 0.12 0.334 0.048 0.048
0 0.666 0.936 0.048 0.048
0 0.345 0.37 0.034 0.032
0 0.294 0.096 0.048 0.048
0 0.56 0.176 0.064 0.064
0 0.756 0.928 0.064 0.064
0 0.646 0.8 0.064 0.064
0 0.056 0.886 0.032 0.032
0 0.978 0.362 0.032 0.032
0 0.458 0.62 0.048 0.048
0 0.456 0.258 0.064 0.064
0 0.788 0.762 0.032 0.032
0 0.654 0.128 0.048 0.048
0 0.838 0.402 0.032 0.032
0 0.826 0.476 0.032 0.032
0 0.234 0.298 0.032 0.032
0 0.788 0.3 0.064 0.064
0 0.91 0.498 0.032 0.032
0 0.136 0.748 0.048 0.048
0 0.77 0.516 0.048 0.048
0 0.546 0.386 0.064 0.064
0 0.046 0.23 0.064 0.064
0 0.882 0.058 0.064 0.064
0 0.464 0.324 0.048 0.048
0 0.67 0.876 0.048 0.048
0 0.482 0.11 0.048 0.048
0 0.096 0.464 0.064 0.064
0 0.284 0.524 0.032 0.032
0 0.806 0.1 0.048 0.048
0 0.466 0.552 0.032 0.032
0 0.19 0.42 0.032 0.032
0 0.88 0.668 0.048 0.048
0 0.028 0.108 0.048 0.048
0 0.52 0.642 0.064 0.064
0 0.314 0.798 0.032 0.032
0 0.282 0.63 0.064 0.064
0 0.16 0.166 0.048 0.048
0 0.584 0.472 0.048 0.048
0 0.218 0.02 0.032 0.032
0 0.948 0.088 0.032 0.032
0 0.446 0.896 0.048 0.048
0 0.768 0.18 0.048 0.048
0 0.032 0.402 0.048 0.048
0 0.218 0.538 0.048 0.048
0 0.814 0.034 0.048 0.048
0 0.972 0.464 0.032 0.032
