0 0.52 0.444 0.032 0.032
0 0.564 0.796 0.048 0.048
0 0.615 0.832 0.034 0.032
0 0.408 0.084 0.048 0.048
0 0.746 0.684 0.032 0.032
0 0.88 0.226 0.048 0.048
0 0.132 0.726 0.064 0.064
0 0.278 0.044 0.032 0.032
0 0.28 0.252 0.048 0.048
0 0.49 0.25 0.032 0.032
0 0.504 0.12 0.048 0.048
0 0.929 0.437 0.03 0.03
0 0.66 0.944 0.064 0.064
0 0.41 0.306 0.064 0.064
0 0.386 0.206 0.032 0.032
0 0.042 0.078 0.064 0.064
0 0.336 0.064 0.064 0.064
0 0.49 0.518 0.032 0.032
0 0.304 0.542 0.064 0.064
0 0.566 0.394 0.048 0.048
0 0.448 0.018 0.032 0.032
0 0.414 0.458 0.048 0.048
0 0.062 0.664 0.032 0.032
0 0.722 0.318 0.032 0.032
0 0.07 0.962 0.048 0.048
0 0.494 0.764 0.032 0.032
0 0.816 0.316 0.032 0.032
0 0.564 0.636 0.048 0.048
0 0.05 0.026 0.032 0.032
0 0.922 0.088 0.032 0.032
0 0.324 0.742 0.06 0.06
0 0.892 0.308 0.048 0.048
0 0.926 0.188 0.032 0.032
0 0.76 0.15 0.032 0.032
0 0.604 0.546 0.048 0.048
0 0.281 0.442 0.034 0.032
0 0.45 0.776 0.032 0.032
0 0.956 0.368 0.064 0.064
0 0.644 0.31 0.048 0.048
0 0.198 0.034 0.048 0.048
0 0.21 0.692 0.032 0.032
0 0.24 0.844 0.032 0.032
0 0.722 0.83 0.032 0.032
0 0.196 0.362 0.048 0.048
0 0.308 0.618 0.032 0.032
0 0.142 0.568 0.048 0.048
0 0.746 0.45 0.064 0.064
0 0.658 0.736 0.032 0.032
0 0.35 0.396 0.048 0.048
0 0.478 0.39 0.064 0.064
0 0.242 0.754 0.064 0.064
0 0.05 0.148 0.032 0.032
0 0.252 0.634 0.032 0.032
0 0.176 0.304 0.048 0.048
0 0.061 0.73 0.034 0.032
0 0.804 0.788 0.064 0.064
0 0.134 0.236 0.064 0.064
0 0.8 0.602 0.032 0.032
0 0.107 0.172 0.034 0.032
0 0.076 0.336 0.032 0.032
0 0.936 0.036 0.048 0.048
0 0.492 0.634 0.048 0.048
0 0.356 0.156 0.048 0.048
0 0.678 0.15 0.032 0.032
0 0.216 0.432 0.048 0.048
0 0.9 0.632 0.048 0.048
0 0.43 0.666 0.032 0.032
0 0.526 0.882 0.064 0.064
0 0.808 0.07 0.048 0.048
0 0.938 0.778 0.048 0.048
0 0.648 0.652 0.032 0.032
0 0.292 0.176 0.048 0.048
