0 0.906 0.268 0.032 0.032
0 0.4 0.636 0.032 0.032
0 0.644 0.772 0.048 0.048
0 0.838 0.248 0.032 0.032
0 0.504 0.074 0.032 0.032
0 0.168 0.478 0.032 0.032
0 0.7 0.834 0.032 0.032
0 0.972 0.442 0.032 0.032
0 0.172 0.116 0.032 0.032
0 0.054 0.952 0.032 0.032
0 0.542 0.12 0.048 0.048
0 0.268 0.574 0.064 0.064
0 0.136 0.252 0.064 0.064
0 0.406 0.126 0.032 0.032
0 0.962 0.63 0.064 0.064
0 0.698 0.172 0.048 0.048
0 0.256 0.142 0.032 0.032
0 0.38 0.382 0.048 0.048
0 0.89 0.77 0.064 0.064
0 0.856 0.614 0.032 0.032
0 0.782 0.592 0.064 0.064
0 0.842 0.428 0.036 0.036
0 0.378 0.278 0.032 0.032
0 0.1 0.918 0.032 0.032
0 0.2 0.418 0.064 0.064
0 0.22 0.496 0.032 0.032
0 0.134 0.394 0.032 0.032
0 0.096 0.862 0.048 0.048
0 0.486 0.926 0.032 0.032
0 0.296 0.342 0.032 0.032
0 0.736 0.338 0.032 0.032
0 0.696 0.568 0.032 0.032
0 0.486 0.502 0.048 0.048
0 0.43 0.838 0.048 0.048
0 0.892 0.86 0.064 0.064
0 0.77 0.952 0.064 0.064
0 0.264 0.754 0.032 0.032
0 0.698 0.496 0.064 0.064
0 0.274 0.876 0.032 0.032
0 0.562 0.78 0.048 0.048
0 0.074 0.308 0.032 0.032
0 0.106 0.572 0.032 0.032
0 0.908 0.586 0.032 0.032
0 0.062 0.258 0.032 0.032
0 0.858 0.078 0.032 0.032
0 0.618 0.59 0.032 0.032
0 0.126 0.766 0.048 0.048
0 0.832 0.508 0.032 0.032
