0 0.026 0.656 0.048 0.048
0 0.104 0.234 0.048 0.048
0 0.164 0.74 0.064 0.064
0 0.392 0.6 0.032 0.032
0 0.064 0.296 0.032 0.032
0 0.372 0.806 0.048 0.048
0 0.338 0.062 0.048 0.048
0 0.572 0.884 0.048 0.048
0 0.686 0.778 0.032 0.032
0 0.146 0.34 0.048 0.048
0 0.662 0.06 0.032 0.032
0 0.682 0.57 0.064 0.064
0 0.49 0.412 0.048 0.048
0 0.402 0.88 0.064 0.064
0 0.932 0.414 0.048 0.048
0 0.476 0.664 0.032 0.032
0 0.326 0.676 0.064 0.064
0 0.48 0.496 0.064 0.064
0 0.888 0.498 0.048 0.048
0 0.802 0.366 0.064 0.064
0 0.394 0.074 0.032 0.032
0 0.506 0.964 0.048 0.048
0 0.24 0.77 0.032 0.032
0 0.412 0.404 0.032 0.032
0 0.632 0.756 0.032 0.032
0 0.528 0.842 0.032 0.032
0 0.236 0.948 0.048 0.048
0 0.918 0.108 0.048 0.048
0 0.858 0.93 0.048 0.048
0 0.268 0.498 0.048 0.048
0 0.152 0.642 0.048 0.048
0 0.026 0.424 0.032 0.032
0 0.858 0.284 0.064 0.064
0 0.416 0.22 0.064 0.064
0 0.21 0.56 0.032 0.032
0 0.378 0.752 0.032 0.032
0 0.676 0.976 0.032 0.032
0 0.892 0.886 0.032 0.032
0 0.78 0.966 0.048 0.048
0 0.214 0.364 0.048 0.048
0 0.546 0.508 0.048 0.048
0 0.872 0.798 0.048 0.048
0 0.622 0.364 0.032 0.032
0 0.202 0.496 0.064 0.064
0 0.094 0.926 0.032 0.032
0 0.11 0.478 0.032 0.032
0 0.598 0.114 0.032 0.032
0 0.192 0.214 0.048 0.048
0 0.734 0.038 0.032 0.032
0 0.542 0.178 0.064 0.064
0 0.212 0.154 0.032 0.032
0 0.936 0.828 0.064 0.064
0 0.92 0.222 0.048 0.048
0 0.656 0.444 0.048 0.048
0 0.478 0.246 0.048 0.048
0 0.612 0.97 0.032 0.032
0 0.34 0.592 0.048 0.048
0 0.932 0.048 0.064 0.064
0 0.906 0.564 0.064 0.064
0 0.954 0.644 0.048 0.048
0 0.77 0.226 0.064 0.064
0 0.834 0.154 0.064 0.064
0 0.944 0.93 0.048 0.048
0 0.454 0.814 0.032 0.032
0 0.096 0.158 0.048 0.048
0 0.366 0.522 0.064 0.064
0 0.027 0.747 0.03 0.03
0 0.152 0.096 0.032 0.032
0 0.032 0.578 0.048 0.048
0 0.28 0.06 0.032 0.032
0 0.608 0.498 0.032 0.032
0 0.578 0.03 0.048 0.048
0 0.58 0.33 0.032 0.032
0 0.652 0.684 0.032 0.032
0 0.44 0.324 0.064 0.064
0 0.147 0.237 0.03 0.03
0 0.698 0.208 0.064 0.064
0 0.618 0.19 0.064 0.064
0 0.024 0.51 0.032 0.032
0 0.032 0.84 0.032 0.032
