0 0.252 0.614 0.032 0.032
0 0.43 0.706 0.032 0.032
0 0.314 0.794 0.032 0.032
0 0.543 0.143 0.03 0.03
0 0.288 0.054 0.064 0.064
0 0.662 0.546 0.064 0.064
0 0.382 0.112 0.048 0.048
0 0.85 0.362 0.064 0.064
0 0.064 0.406 0.064 0.064
0 0.858 0.31 0.032 0.032
0 0.33 0.16 0.048 0.048
0 0.962 0.292 0.064 0.064
0 0.59 0.17 0.032 0.032
0 0.076 0.582 0.048 0.048
0 0.642 0.47 0.032 0.032
0 0.768 0.59 0.048 0.048
0 0.186 0.572 0.048 0.048
0 0.344 0.22 0.064 0.064
0 0.966 0.036 0.064 0.064
0 0.74 0.072 0.048 0.048
0 0.774 0.48 0.032 0.032
0 0.532 0.226 0.048 0.048
0 0.322 0.618 0.064 0.064
0 0.17 0.404 0.032 0.032
0 0.906 0.16 0.032 0.032
0 0.456 0.412 0.048 0.048
0 0.88 0.84 0.044 0.044
0 0.618 0.748 0.064 0.064
0 0.936 0.942 0.048 0.048
0 0.256 0.752 0.032 0.032
0 0.646 0.18 0.048 0.048
0 0.942 0.406 0.048 0.048
0 0.5 0.1 0.032 0.032
0 0.678 0.942 0.048 0.048
0 0.202 0.06 0.048 0.048
0 0.576 0.106 0.032 0.032
0 0.822 0.646 0.032 0.032
0 0.572 0.276 0.044 0.044
0 0.724 0.506 0.032 0.032
0 0.116 0.87 0.064 0.064
0 0.088 0.648 0.064 0.064
0 0.896 0.668 0.032 0.032
0 0.108 0.752 0.032 0.032
0 0.726 0.818 0.048 0.048
0 0.412 0.792 0.048 0.048
0 0.294 0.67 0.032 0.032
0 0.644 0.104 0.032 0.032
0 0.25 0.246 0.048 0.048
0 0.514 0.564 0.032 0.032
0 0.37 0.838 0.032 0.032
0 0.734 0.458 0.032 0.032
0 0.496 0.772 0.032 0.032
0 0.136 0.222 0.052 0.052
0 0.144 0.286 0.032 0.032
0 0.45 0.484 0.032 0.032
0 0.884 0.952 0.032 0.032
0 0.932 0.24 0.032 0.032
0 0.936 0.512 0.064 0.064
0 0.416 0.284 0.064 0.064
0 0.34 0.304 0.064 0.064
0 0.428 0.886 0.048 0.048
0 0.736 0.73 0.048 0.048
0 0.868 0.506 0.064 0.064
0 0.73 0.914 0.032 0.032
0 0.612 0.858 0.048 0.048
0 0.86 0.15 0.048 0.048
0 0.236 0.788 0.032 0.032
0 0.66 0.252 0.048 0.048
0 0.922 0.766 0.064 0.064
0 0.73 0.188 0.064 0.064
0 0.19 0.342 0.032 0.032
0 0.944 0.11 0.048 0.048
0 0.234 0.878 0.048 0.048
0 0.572 0.542 0.064 0.064
0 0.53 0.888 0.048 0.048
0 0.216 0.674 0.064 0.064
0 0.078 0.08 0.064 0.064
0 0.292 0.54 0.032 0.032
0 0.378 0.384 0.064 0.064
0 0.444 0.214 0.032 0.032
0 0.286 0.888 0.048 0.048
0 0.244 0.178 0.064 0.064
0 0.878 0.042 0.064 0.064
0 0.542 0.646 0.048 0.048
