0 0.796 0.962 0.032 0.032
0 0.488 0.254 0.064 0.064
0 0.376 0.046 0.048 0.048
0 0.909 0.767 0.03 0.038
0 0.558 0.858 0.048 0.048
0 0.62 0.14 0.064 0.064
0 0.84 0.632 0.064 0.064
0 0.584 0.724 0.032 0.032
0 0.174 0.85 0.048 0.048
0 0.318 0.062 0.048 0.048
0 0.678 0.342 0.032 0.032
0 0.848 0.756 0.032 0.032
0 0.652 0.74 0.032 0.032
0 0.378 0.892 0.032 0.032
0 0.192 0.67 0.032 0.032
0 0.038 0.068 0.032 0.032
0 0.382 0.484 0.064 0.064
0 0.272 0.718 0.032 0.032
0 0.176 0.536 0.064 0.064
0 0.25 0.576 0.048 0.048
0 0.822 0.03 0.048 0.048
0 0.578 0.46 0.064 0.064
0 0.744 0.588 0.064 0.064
0 0.752 0.394 0.064 0.064
0 0.714 0.51 0.032 0.032
0 0.086 0.784 0.048 0.048
0 0.478 0.028 0.048 0.048
0 0.34 0.708 0.048 0.048
0 0.586 0.258 0.032 0.032
0 0.66 0.704 0.032 0.032
0 0.73 0.224 0.048 0.048
0 0.432 0.204 0.032 0.032
0 0.076 0.4 0.064 0.064
0 0.512 0.15 0.048 0.048
0 0.292 0.282 0.048 0.048
0 0.904 0.242 0.064 0.064
0 0.688 0.118 0.048 0.048
0 0.488 0.452 0.032 0.032
0 0.802 0.452 0.032 0.032
0 0.76 0.818 0.064 0.064
0 0.81 0.882 0.048 0.048
0 0.261 0.671 0.042 0.042
0 0.952 0.954 0.032 0.032
0 0.744 0.69 0.048 0.048
0 0.28 0.852 0.048 0.048
0 0.704 0.642 0.032 0.032
0 0.436 0.584 0.048 0.048
0 0.094 0.124 0.032 0.032
0 0.226 0.866 0.032 0.032
0 0.3 0.408 0.048 0.048
0 0.332 0.884 0.032 0.032
0 0.418 0.75 0.064 0.064
0 0.038 0.568 0.064 0.064
0 0.11 0.536 0.032 0.032
0 0.198 0.76 0.032 0.032
0 0.35 0.272 0.032 0.032
0 0.95 0.348 0.032 0.032
0 0.376 0.196 0.048 0.02
0 0.348 0.932 0.032 0.032
0 0.91 0.666 0.064 0.064
0 0.544 0.77 0.032 0.032
0 0.68 0.6 0.032 0.032
0 0.61 0.828 0.048 0.048
0 0.586 0.602 0.048 0.048
0 0.84 0.334 0.048 0.048
0 0.684 0.416 0.048 0.048
0 0.06 0.34 0.032 0.032
0 0.29 0.504 0.048 0.048
0 0.97 0.506 0.048 0.048
0 0.22 0.352 0.032 0.032
0 0.44 0.826 0.064 0.064
0 0.524 0.924 0.048 0.048
