0 0.214 0.282 0.048 0.048
0 0.564 0.466 0.032 0.032
0 0.55 0.156 0.064 0.064
0 0.384 0.116 0.048 0.048
0 0.526 0.062 0.064 0.064
0 0.056 0.67 0.064 0.064
0 0.447 0.563 0.03 0.03
0 0.51 0.934 0.032 0.032
0 0.8 0.724 0.064 0.064
0 0.514 0.836 0.032 0.032
0 0.562 0.28 0.064 0.064
0 0.588 0.404 0.032 0.032
0 0.688 0.978 0.032 0.032
0 0.782 0.084 0.048 0.048
0 0.11 0.736 0.048 0.048
0 0.038 0.744 0.032 0.032
0 0.736 0.836 0.032 0.032
0 0.372 0.208 0.048 0.048
0 0.728 0.276 0.048 0.048
0 0.078 0.794 0.032 0.032
0 0.402 0.49 0.048 0.048
0 0.056 0.24 0.048 0.048
0 0.956 0.248 0.064 0.064
0 0.656 0.352 0.048 0.048
0 0.794 0.366 0.032 0.032
0 0.322 0.084 0.064 0.064
0 0.286 0.42 0.032 0.032
0 0.736 0.062 0.032 0.032
0 0.294 0.728 0.064 0.064
0 0.664 0.764 0.064 0.064
0 0.244 0.85 0.048 0.048
0 0.056 0.89 0.048 0.048
0 0.914 0.57 0.048 0.048
0 0.234 0.496 0.032 0.032
0 0.88 0.78 0.032 0.032
0 0.612 0.96 0.064 0.064
0 0.049 0.411 0.03 0.03
0 0.042 0.096 0.048 0.048
0 0.696 0.53 0.032 0.032
0 0.29 0.53 0.032 0.032
0 0.972 0.858 0.048 0.048
0 0.762 0.438 0.064 0.064
0 0.854 0.628 0.048 0.048
0 0.242 0.624 0.064 0.064
0 0.256 0.962 0.048 0.048
0 0.96 0.698 0.064 0.064
0 0.298 0.358 0.064 0.064
0 0.182 0.83 0.048 0.048
0 0.4 0.924 0.048 0.048
0 0.52 0.79 0.048 0.048
0 0.634 0.588 0.048 0.048
0 0.546 0.646 0.064 0.064
