0 0.316 0.442 0.048 0.048
0 0.708 0.54 0.032 0.032
0 0.384 0.29 0.032 0.032
0 0.214 0.102 0.064 0.064
0 0.828 0.758 0.048 0.048
0 0.822 0.51 0.048 0.048
0 0.778 0.562 0.048 0.048
0 0.517 0.505 0.03 0.03
0 0.77 0.916 0.048 0.048
0 0.958 0.838 0.032 0.032
0 0.602 0.894 0.064 0.064
0 0.614 0.326 0.048 0.048
0 0.63 0.078 0.044 0.044
0 0.1 0.034 0.048 0.048
0 0.534 0.968 0.032 0.032
0 0.146 0.174 0.064 0.064
0 0.922 0.9 0.048 0.048
0 0.53 0.568 0.064 0.064
0 0.648 0.604 0.032 0.032
0 0.351 0.163 0.03 0.03
0 0.372 0.07 0.064 0.064
0 0.5 0.764 0.064 0.064
0 0.602 0.702 0.032 0.032
0 0.076 0.408 0.032 0.032
0 0.552 0.06 0.032 0.032
0 0.722 0.354 0.064 0.064
0 0.354 0.384 0.032 0.032
0 0.048 0.528 0.032 0.032
0 0.72 0.942 0.032 0.032
0 0.468 0.516 0.032 0.032
0 0.874 0.404 0.048 0.048
0 0.12 0.668 0.048 0.048
0 0.946 0.474 0.064 0.064
0 0.946 0.722 0.032 0.032
0 0.388 0.698 0.048 0.048
0 0.388 0.562 0.064 0.064
0 0.028 0.736 0.032 0.032
0 0.488 0.034 0.064 0.064
0 0.428 0.436 0.048 0.048
0 0.318 0.67 0.032 0.032
0 0.516 0.342 0.032 0.032
0 0.676 0.21 0.064 0.064
0 0.73 0.744 0.048 0.048
0 0.1 0.268 0.032 0.032
0 0.248 0.89 0.064 0.064
0 0.704 0.68 0.048 0.048
0 0.074 0.972 0.048 0.048
0 0.79 0.126 0.032 0.032
0 0.054 0.83 0.048 0.048
0 0.98 0.218 0.032 0.032
0 0.316 0.748 0.064 0.064
0 0.194 0.81 0.032 0.032
0 0.148 0.754 0.064 0.064
0 0.038 0.26 0.048 0.048
0 0.7 0.464 0.064 0.064
0 0.622 0.456 0.048 0.048
0 0.212 0.674 0.048 0.048
0 0.152 0.392 0.064 0.064
0 0.812 0.252 0.064 0.064
0 0.166 0.286 0.064 0.064
0 0.626 0.76 0.048 0.048
0 0.716 0.872 0.032 0.032
0 0.6 0.392 0.048 0.048
0 0.878 0.962 0.032 0.032
0 0.942 0.372 0.032 0.032
0 0.554 0.2 0.048 0.048
0 0.316 0.916 0.032 0.032
