0 0.198 0.532 0.032 0.032
0 0.126 0.394 0.032 0.032
0 0.67 0.652 0.048 0.048
0 0.56 0.776 0.032 0.032
0 0.76 0.5 0.048 0.048
0 0.472 0.668 0.032 0.032
0 0.758 0.086 0.048 0.048
0 0.942 0.104 0.032 0.032
0 0.33 0.976 0.032 0.032
0 0.159 0.909 0.03 0.03
0 0.412 0.308 0.048 0.048
0 0.842 0.658 0.048 0.048
0 0.198 0.132 0.036 0.036
0 0.058 0.752 0.032 0.032
0 0.372 0.134 0.064 0.064
0 0.84 0.878 0.048 0.048
0 0.15 0.45 0.032 0.032
0 0.277 0.537 0.03 0.03
0 0.282 0.72 0.06 0.06
0 0.338 0.278 0.064 0.064
0 0.352 0.41 0.032 0.032
0 0.258 0.438 0.048 0.048
0 0.674 0.516 0.032 0.032
0 0.752 0.238 0.064 0.064
0 0.158 0.778 0.064 0.064
0 0.884 0.056 0.064 0.064
0 0.404 0.854 0.048 0.048
0 0.91 0.458 0.032 0.032
0 0.346 0.064 0.048 0.048
0 0.77 0.628 0.048 0.048
0 0.674 0.832 0.032 0.032
0 0.38 0.78 0.032 0.032
0 0.81 0.23 0.032 0.032
0 0.216 0.25 0.032 0.032
0 0.522 0.52 0.064 0.064
0 0.88 0.412 0.048 0.048
0 0.536 0.634 0.064 0.064
0 0.828 0.122 0.048 0.048
0 0.688 0.904 0.064 0.064
0 0.198 0.718 0.048 0.048
0 0.47 0.218 0.048 0.048
0 0.058 0.246 0.064 0.064
0 0.476 0.874 0.064 0.064
0 0.404 0.954 0.032 0.032
0 0.756 0.374 0.064 0.064
0 0.88 0.288 0.032 0.032
0 0.562 0.198 0.064 0.064
0 0.768 0.13 0.032 0.032
0 0.912 0.69 0.064 0.064
0 0.834 0.186 0.032 0.032
0 0.616 0.602 0.048 0.048
0 0.608 0.318 0.032 0.032
0 0.972 0.35 0.048 0.048
0 0.484 0.416 0.032 0.032
0 0.592 0.4 0.064 0.064
0 0.304 0.126 0.064 0.064
0 0.814 0.946 0.048 0.048
0 0.078 0.928 0.024 0.024
0 0.284 0.832 0.048 0.048
0 0.024 0.346 0.032 0.032
0 0.047 0.941 0.03 0.03
0 0.864 0.826 0.032 0.032
0 0.916 0.788 0.048 0.048
0 0.332 0.506 0.064 0.064
0 0.352 0.83 0.032 0.032
0 0.434 0.364 0.032 0.032
0 0.146 0.576 0.048 0.048
0 0.576 0.502 0.032 0.032
0 0.443 0.039 0.03 0.03
0 0.338 0.62 0.048 0.048
0 0.496 0.724 0.064 0.064
0 0.932 0.518 0.048 0.048
0 0.07 0.59 0.048 0.048
0 0.082 0.146 0.064 0.064
0 0.966 0.15 0.032 0.032
0 0.086 0.084 0.048 0.048
0 0.202 0.61 0.032 0.032
0 0.932 0.628 0.048 0.048
0 0.674 0.292 0.032 0.032
0 0.086 0.642 0.048 0.048
0 0.13 0.3 0.032 0.032
