0 0.446 0.58 0.064 0.064
0 0.616 0.314 0.064 0.064
0 0.256 0.128 0.036 0.036
0 0.192 0.749 0.032 0.022
0 0.54 0.148 0.064 0.064
0 0.394 0.214 0.032 0.032
0 0.778 0.042 0.064 0.064
0 0.052 0.942 0.064 0.064
0 0.134 0.62 0.064 0.064
0 0.868 0.478 0.048 0.048
0 0.774 0.112 0.032 0.032
0 0.182 0.864 0.064 0.064
0 0.632 0.94 0.048 0.048
0 0.888 0.764 0.064 0.064
0 0.258 0.83 0.032 0.032
0 0.684 0.258 0.032 0.032
0 0.79 0.91 0.064 0.064
0 0.764 0.458 0.032 0.032
0 0.91 0.332 0.064 0.064
0 0.964 0.808 0.032 0.032
0 0.498 0.33 0.032 0.032
0 0.212 0.67 0.048 0.048
0 0.41 0.26 0.048 0.048
0 0.582 0.07 0.064 0.064
0 0.186 0.568 0.032 0.032
0 0.066 0.424 0.048 0.048
0 0.318 0.68 0.032 0.032
0 0.838 0.212 0.032 0.032
0 0.058 0.258 0.032 0.032
0 0.326 0.786 0.064 0.064
0 0.202 0.94 0.032 0.032
0 0.346 0.542 0.064 0.064
0 0.186 0.382 0.048 0.048
0 0.932 0.588 0.064 0.064
0 0.404 0.712 0.048 0.048
0 0.576 0.454 0.048 0.048
0 0.274 0.932 0.064 0.064
0 0.93 0.928 0.064 0.064
0 0.194 0.198 0.032 0.032
0 0.526 0.406 0.032 0.032
0 0.626 0.852 0.048 0.048
0 0.64 0.398 0.032 0.032
0 0.862 0.62 0.064 0.064
0 0.92 0.076 0.064 0.064
0 0.648 0.58 0.064 0.064
0 0.258 0.574 0.048 0.048
0 0.034 0.34 0.048 0.048
0 0.706 0.448 0.064 0.064
0 0.398 0.924 0.032 0.032
0 0.558 0.93 0.032 0.032
0 0.274 0.712 0.048 0.048
0 0.562 0.848 0.032 0.032
0 0.14 0.774 0.064 0.064
0 0.072 0.732 0.064 0.064
0 0.26 0.774 0.032 0.032
0 0.162 0.282 0.064 0.064
0 0.343 0.346 0.034 0.032
0 0.718 0.388 0.048 0.048
0 0.858 0.402 0.032 0.032
0 0.75 0.584 0.064 0.064
0 0.21 0.512 0.064 0.064
0 0.722 0.746 0.064 0.064
0 0.14 0.368 0.032 0.032
0 0.458 0.128 0.064 0.064
0 0.792 0.34 0.064 0.064
0 0.448 0.458 0.064 0.064
0 0.604 0.708 0.064 0.064
0 0.964 0.21 0.048 0.048
0 0.592 0.522 0.032 0.032
0 0.52 0.496 0.032 0.032
0 0.328 0.426 0.048 0.048
0 0.851 0.139 0.03 0.03
0 0.446 0.908 0.032 0.032
0 0.544 0.6 0.048 0.048
0 0.264 0.054 0.032 0.032
0 0.05 0.608 0.064 0.064
0 0.654 0.434 0.032 0.032
0 0.084 0.174 0.064 0.064
0 0.462 0.784 0.032 0.032
0 0.894 0.532 0.032 0.032
0 0.474 0.73 0.032 0.032
0 0.798 0.808 0.032 0.028
0 0.394 0.792 0.064 0.064
0 0.432 0.042 0.032 0.032
0 0.318 0.09 0.048 0.048
