0 0.96 0.542 0.064 0.064
0 0.454 0.446 0.048 0.048
0 0.23 0.482 0.032 0.032
0 0.43 0.912 0.064 0.064
0 0.152 0.944 0.032 0.032
0 0.192 0.078 0.032 0.032
0 0.626 0.806 0.064 0.064
0 0.67 0.134 0.032 0.032
0 0.04 0.576 0.032 0.032
0 0.076 0.588 0.032 0.032
0 0.332 0.978 0.032 0.032
0 0.698 0.562 0.032 0.032
0 0.506 0.7 0.048 0.048
0 0.18 0.296 0.064 0.064
0 0.88 0.558 0.064 0.064
0 0.118 0.802 0.048 0.048
0 0.102 0.474 0.064 0.064
0 0.67 0.188 0.032 0.032
0 0.242 0.33 0.032 0.032
0 0.728 0.504 0.032 0.032
0 0.546 0.254 0.064 0.064
0 0.784 0.156 0.032 0.032
0 0.934 0.476 0.048 0.048
0 0.094 0.23 0.032 0.032
0 0.192 0.396 0.032 0.032
0 0.768 0.686 0.048 0.048
0 0.454 0.384 0.032 0.032
0 0.284 0.602 0.064 0.064
0 0.06 0.266 0.032 0.032
0 0.474 0.214 0.064 0.064
0 0.408 0.394 0.032 0.032
0 0.088 0.648 0.048 0.048
0 0.522 0.09 0.048 0.048
0 0.316 0.32 0.064 0.064
0 0.322 0.154 0.024 0.024
0 0.598 0.498 0.048 0.048
0 0.568 0.386 0.032 0.032
0 0.716 0.174 0.032 0.032
0 0.578 0.644 0.048 0.048
0 0.802 0.934 0.048 0.048
0 0.682 0.316 0.032 0.032
0 0.184 0.594 0.032 0.032
0 0.688 0.486 0.032 0.032
0 0.916 0.796 0.064 0.064
0 0.76 0.262 0.048 0.048
0 0.892 0.856 0.048 0.048
0 0.432 0.82 0.064 0.064
0 0.962 0.058 0.032 0.032
0 0.788 0.564 0.064 0.064
0 0.576 0.426 0.032 0.032
0 0.964 0.678 0.048 0.048
0 0.832 0.466 0.032 0.032
0 0.82 0.73 0.048 0.048
0 0.512 0.46 0.048 0.048
0 0.606 0.194 0.048 0.048
0 0.808 0.354 0.032 0.032
0 0.694 0.374 0.064 0.064
0 0.164 0.744 0.032 0.032
